##YUNITS=%T
399.264912 102.617840 
401.193728 102.162488 
403.122544 102.537947 
405.051360 103.277770 
406.980176 103.558532 
408.908992 103.839915 
410.837808 104.571433 
412.766624 104.294746 
414.695440 103.640055 
416.624256 103.851693 
418.553072 106.097916 
420.481888 103.553039 
422.410704 102.655248 
424.339520 103.420958 
426.268336 103.610040 
428.197152 102.429717 
430.125968 102.265538 
432.054784 103.104562 
433.983600 103.097000 
435.912416 100.838705 
437.841232 100.360923 
439.770048 101.760586 
441.698864 103.121432 
443.627680 101.933336 
445.556496 101.748843 
447.485312 100.746144 
449.414128 99.805206 
451.342944 101.474151 
453.271760 102.404802 
455.200576 101.497259 
457.129392 100.784053 
459.058208 101.156365 
460.987024 101.887090 
462.915840 101.388829 
464.844656 101.489812 
466.773472 102.133666 
468.702288 101.379243 
470.631104 100.530449 
472.559920 100.641951 
474.488736 100.553290 
476.417552 101.161546 
478.346368 100.938155 
480.275184 101.134371 
482.204000 100.419306 
484.132816 98.953445 
486.061632 98.293097 
487.990448 98.681102 
489.919264 99.678169 
491.848080 100.840566 
493.776896 100.465437 
495.705712 99.791940 
497.634528 98.624939 
499.563344 98.341996 
501.492160 98.776472 
503.420976 98.964140 
505.349792 99.005662 
507.278608 99.252127 
509.207424 99.229560 
511.136240 98.767720 
513.065056 98.614101 
514.993872 98.996617 
516.922688 98.838348 
518.851504 98.802886 
520.780320 99.025779 
522.709136 98.761603 
524.637952 98.549054 
526.566768 98.178415 
528.495584 97.704021 
530.424400 98.480856 
532.353216 98.807461 
534.282032 99.326393 
536.210848 99.408476 
538.139664 97.624001 
540.068480 96.538954 
541.997296 96.232805 
543.926112 96.589713 
545.854928 97.047397 
547.783744 97.140454 
549.712560 97.127950 
551.641376 97.461547 
553.570192 97.519114 
555.499008 97.025013 
557.427824 97.223832 
559.356640 97.193948 
561.285456 96.864421 
563.214272 96.799044 
565.143088 96.687055 
567.071904 96.410096 
569.000720 96.070336 
570.929536 95.921111 
572.858352 96.171877 
574.787168 96.226129 
576.715984 96.023259 
578.644800 95.797851 
580.573616 95.993097 
582.502432 96.113061 
584.431248 96.165703 
586.360064 95.688434 
588.288880 95.105554 
590.217696 95.229342 
592.146512 95.156184 
594.075328 95.102829 
596.004144 95.692269 
597.932960 95.493376 
599.861776 95.180738 
601.790592 94.840590 
603.719408 94.332200 
605.648224 94.057493 
607.577040 93.887623 
609.505856 93.926413 
611.434672 94.130582 
613.363488 94.115585 
615.292304 94.370405 
617.221120 94.541985 
619.149936 94.314726 
621.078752 94.164087 
623.007568 94.181975 
624.936384 93.969962 
626.865200 93.838549 
628.794016 93.673886 
630.722832 93.690843 
632.651648 93.654676 
634.580464 93.451262 
636.509280 93.479945 
638.438096 93.538137 
640.366912 93.390116 
642.295728 93.333761 
644.224544 93.332775 
646.153360 93.254918 
648.082176 93.040825 
650.010992 93.046641 
651.939808 92.938475 
653.868624 92.721358 
655.797440 92.752660 
657.726256 92.924603 
659.655072 92.810335 
661.583888 92.596737 
663.512704 92.451308 
665.441520 92.295567 
667.370336 92.369136 
669.299152 92.411291 
671.227968 92.085803 
673.156784 91.954886 
675.085600 91.887853 
677.014416 91.733137 
678.943232 91.607070 
680.872048 91.647891 
682.800864 91.409366 
684.729680 91.050318 
686.658496 90.988643 
688.587312 90.990833 
690.516128 90.561608 
692.444944 90.422085 
694.373760 90.368074 
696.302576 90.447576 
698.231392 90.595129 
700.160208 90.639196 
702.089024 90.555231 
704.017840 90.404515 
705.946656 90.230488 
707.875472 90.216414 
709.804288 90.053159 
711.733104 89.907657 
713.661920 89.785305 
715.590736 89.665289 
717.519552 89.621332 
719.448368 89.618179 
721.377184 89.447069 
723.306000 89.266872 
725.234816 89.011583 
727.163632 88.814955 
729.092448 88.749627 
731.021264 88.717621 
732.950080 88.407976 
734.878896 88.121095 
736.807712 88.027728 
738.736528 87.820548 
740.665344 87.641958 
742.594160 87.543627 
744.522976 87.285356 
746.451792 86.909815 
748.380608 86.620932 
750.309424 86.412643 
752.238240 86.238776 
754.167056 86.040649 
756.095872 85.695598 
758.024688 85.415674 
759.953504 85.312352 
761.882320 85.199662 
763.811136 84.852702 
765.739952 84.350907 
767.668768 83.936447 
769.597584 83.681858 
771.526400 83.369725 
773.455216 83.009758 
775.384032 82.650681 
777.312848 82.411139 
779.241664 82.171419 
781.170480 81.864852 
783.099296 81.409630 
785.028112 81.024665 
786.956928 80.578176 
788.885744 79.891469 
790.814560 79.348562 
792.743376 78.765821 
794.672192 78.363915 
796.601008 78.039942 
798.529824 77.624026 
800.458640 77.179737 
802.387456 76.791688 
804.316272 76.513515 
806.245088 75.952008 
808.173904 75.424870 
810.102720 75.094621 
812.031536 74.738755 
813.960352 74.428739 
815.889168 74.181631 
817.817984 73.872204 
819.746800 73.631171 
821.675616 73.578146 
823.604432 73.624542 
825.533248 73.805548 
827.462064 73.869500 
829.390880 73.969716 
831.319696 74.499704 
833.248512 75.278370 
835.177328 75.914215 
837.106144 76.633762 
839.034960 77.589787 
840.963776 78.654602 
842.892592 79.728243 
844.821408 80.644469 
846.750224 81.414021 
848.679040 82.136319 
850.607856 82.685776 
852.536672 83.057784 
854.465488 83.445473 
856.394304 83.913733 
858.323120 84.358958 
860.251936 84.622539 
862.180752 84.823392 
864.109568 84.985348 
866.038384 85.220516 
867.967200 85.589475 
869.896016 86.001872 
871.824832 86.415845 
873.753648 86.830591 
875.682464 87.406969 
877.611280 87.901089 
879.540096 88.372637 
881.468912 89.090720 
883.397728 89.781769 
885.326544 90.309217 
887.255360 90.782772 
889.184176 91.266222 
891.112992 91.693486 
893.041808 91.999972 
894.970624 92.293100 
896.899440 92.561681 
898.828256 92.822344 
900.757072 93.073492 
902.685888 93.243526 
904.614704 93.306516 
906.543520 93.321184 
908.472336 93.361953 
910.401152 93.395163 
912.329968 93.457023 
914.258784 93.512314 
916.187600 93.469489 
918.116416 93.419479 
920.045232 93.486506 
921.974048 93.497059 
923.902864 93.595110 
925.831680 93.711318 
927.760496 93.683075 
929.689312 93.510045 
931.618128 93.404639 
933.546944 93.369934 
935.475760 93.397260 
937.404576 93.384534 
939.333392 93.443720 
941.262208 93.411700 
943.191024 93.409315 
945.119840 93.539318 
947.048656 93.560311 
948.977472 93.448446 
950.906288 93.382887 
952.835104 93.336752 
954.763920 93.258091 
956.692736 93.241166 
958.621552 93.313028 
960.550368 93.377397 
962.479184 93.461871 
964.408000 93.540509 
966.336816 93.553497 
968.265632 93.469129 
970.194448 93.301638 
972.123264 93.178773 
974.052080 93.149718 
975.980896 93.163503 
977.909712 93.248929 
979.838528 93.266700 
981.767344 93.289381 
983.696160 93.407338 
985.624976 93.442423 
987.553792 93.394602 
989.482608 93.267859 
991.411424 93.197276 
993.340240 93.170100 
995.269056 93.038619 
997.197872 92.963506 
999.126688 92.935473 
1001.055504 92.981939 
1002.984320 93.071200 
1004.913136 93.101694 
1006.841952 93.054108 
1008.770768 93.022065 
1010.699584 92.907059 
1012.628400 92.796391 
1014.557216 92.767185 
1016.486032 92.764877 
1018.414848 92.760477 
1020.343664 92.844164 
1022.272480 92.943625 
1024.201296 92.979435 
1026.130112 92.919122 
1028.058928 92.902500 
1029.987744 92.867403 
1031.916560 92.796913 
1033.845376 92.616875 
1035.774192 92.517122 
1037.703008 92.530386 
1039.631824 92.637058 
1041.560640 92.728991 
1043.489456 92.795199 
1045.418272 92.796583 
1047.347088 92.826825 
1049.275904 92.872159 
1051.204720 92.825620 
1053.133536 92.703471 
1055.062352 92.713600 
1056.991168 92.633851 
1058.919984 92.549069 
1060.848800 92.661361 
1062.777616 92.839551 
1064.706432 92.790183 
1066.635248 92.766944 
1068.564064 92.837532 
1070.492880 92.827474 
1072.421696 92.707247 
1074.350512 92.658699 
1076.279328 92.527773 
1078.208144 92.486617 
1080.136960 92.483582 
1082.065776 92.604369 
1083.994592 92.637159 
1085.923408 92.638700 
1087.852224 92.665138 
1089.781040 92.643199 
1091.709856 92.493359 
1093.638672 92.395969 
1095.567488 92.322945 
1097.496304 92.244871 
1099.425120 92.306186 
1101.353936 92.439821 
1103.282752 92.425026 
1105.211568 92.405609 
1107.140384 92.411132 
1109.069200 92.412216 
1110.998016 92.277856 
1112.926832 92.083411 
1114.855648 91.951146 
1116.784464 91.939336 
1118.713280 91.942099 
1120.642096 91.918283 
1122.570912 91.870428 
1124.499728 91.951366 
1126.428544 91.997425 
1128.357360 91.992499 
1130.286176 91.887481 
1132.214992 91.842059 
1134.143808 91.725966 
1136.072624 91.622189 
1138.001440 91.541371 
1139.930256 91.497141 
1141.859072 91.439452 
1143.787888 91.464784 
1145.716704 91.537107 
1147.645520 91.585178 
1149.574336 91.514153 
1151.503152 91.372570 
1153.431968 91.223572 
1155.360784 91.089917 
1157.289600 91.021632 
1159.218416 91.084498 
1161.147232 91.145265 
1163.076048 91.099499 
1165.004864 91.104632 
1166.933680 91.153116 
1168.862496 91.060205 
1170.791312 90.935237 
1172.720128 90.785723 
1174.648944 90.713294 
1176.577760 90.680666 
1178.506576 90.549848 
1180.435392 90.464073 
1182.364208 90.492325 
1184.293024 90.503637 
1186.221840 90.566032 
1188.150656 90.574185 
1190.079472 90.467766 
1192.008288 90.352194 
1193.937104 90.214108 
1195.865920 89.998557 
1197.794736 89.912748 
1199.723552 89.829117 
1201.652368 89.776574 
1203.581184 89.793378 
1205.510000 89.793556 
1207.438816 89.738729 
1209.367632 89.696583 
1211.296448 89.628937 
1213.225264 89.490734 
1215.154080 89.278917 
1217.082896 89.110422 
1219.011712 89.034696 
1220.940528 88.988443 
1222.869344 88.975829 
1224.798160 89.001477 
1226.726976 88.971617 
1228.655792 88.875042 
1230.584608 88.707160 
1232.513424 88.597468 
1234.442240 88.435350 
1236.371056 88.227895 
1238.299872 88.063510 
1240.228688 87.977261 
1242.157504 87.938224 
1244.086320 87.892400 
1246.015136 87.865639 
1247.943952 87.848599 
1249.872768 87.736455 
1251.801584 87.562407 
1253.730400 87.308130 
1255.659216 87.039521 
1257.588032 86.775372 
1259.516848 86.640215 
1261.445664 86.523694 
1263.374480 86.384664 
1265.303296 86.255960 
1267.232112 86.124981 
1269.160928 85.919575 
1271.089744 85.675564 
1273.018560 85.360536 
1274.947376 84.975776 
1276.876192 84.591584 
1278.805008 84.251525 
1280.733824 83.891933 
1282.662640 83.579622 
1284.591456 83.272407 
1286.520272 82.924560 
1288.449088 82.503088 
1290.377904 81.909174 
1292.306720 81.175464 
1294.235536 80.366649 
1296.164352 79.594184 
1298.093168 79.052322 
1300.021984 78.867926 
1301.950800 78.679877 
1303.879616 78.264639 
1305.808432 77.637913 
1307.737248 76.823962 
1309.666064 75.753344 
1311.594880 74.617908 
1313.523696 73.427608 
1315.452512 72.021725 
1317.381328 70.859449 
1319.310144 70.125994 
1321.238960 69.622063 
1323.167776 69.467716 
1325.096592 69.822500 
1327.025408 70.737753 
1328.954224 72.191225 
1330.883040 73.894879 
1332.811856 75.898415 
1334.740672 78.192054 
1336.669488 80.597738 
1338.598304 82.830059 
1340.527120 84.252078 
1342.455936 84.560021 
1344.384752 84.580313 
1346.313568 84.412965 
1348.242384 84.120787 
1350.171200 83.641714 
1352.100016 83.129078 
1354.028832 83.020476 
1355.957648 83.470296 
1357.886464 84.313526 
1359.815280 85.425241 
1361.744096 86.682436 
1363.672912 87.728279 
1365.601728 88.102945 
1367.530544 88.488378 
1369.459360 88.711964 
1371.388176 88.594042 
1373.316992 88.454727 
1375.245808 87.931515 
1377.174624 87.451552 
1379.103440 87.845937 
1381.032256 89.002065 
1382.961072 90.339540 
1384.889888 91.408336 
1386.818704 92.179734 
1388.747520 92.487987 
1390.676336 92.546579 
1392.605152 92.562249 
1394.533968 92.535378 
1396.462784 92.358002 
1398.391600 92.429969 
1400.320416 92.258629 
1402.249232 92.047440 
1404.178048 91.981635 
1406.106864 91.977311 
1408.035680 91.897606 
1409.964496 91.843579 
1411.893312 91.674412 
1413.822128 91.512379 
1415.750944 91.344909 
1417.679760 91.357617 
1419.608576 91.347182 
1421.537392 91.137809 
1423.466208 91.025093 
1425.395024 90.953447 
1427.323840 90.847036 
1429.252656 90.931488 
1431.181472 90.823621 
1433.110288 90.582890 
1435.039104 90.559669 
1436.967920 90.710263 
1438.896736 90.336720 
1440.825552 90.130946 
1442.754368 89.952999 
1444.683184 89.849219 
1446.612000 89.885765 
1448.540816 89.975542 
1450.469632 89.817062 
1452.398448 89.623445 
1454.327264 89.431549 
1456.256080 89.757523 
1458.184896 89.964702 
1460.113712 89.325929 
1462.042528 88.946910 
1463.971344 89.080273 
1465.900160 89.117077 
1467.828976 88.850140 
1469.757792 88.665257 
1471.686608 88.893284 
1473.615424 89.077709 
1475.544240 88.943393 
1477.473056 88.663030 
1479.401872 88.328257 
1481.330688 88.170847 
1483.259504 87.920298 
1485.188320 87.725034 
1487.117136 87.872607 
1489.045952 88.248966 
1490.974768 88.213106 
1492.903584 87.606316 
1494.832400 87.470309 
1496.761216 87.729391 
1498.690032 87.600349 
1500.618848 87.116315 
1502.547664 86.571273 
1504.476480 86.333499 
1506.405296 87.327554 
1508.334112 87.659080 
1510.262928 86.924817 
1512.191744 86.534349 
1514.120560 86.206172 
1516.049376 86.235054 
1517.978192 85.981810 
1519.907008 85.654908 
1521.835824 86.257852 
1523.764640 85.815425 
1525.693456 85.744287 
1527.622272 85.618183 
1529.551088 85.195408 
1531.479904 84.994388 
1533.408720 85.540162 
1535.337536 84.748839 
1537.266352 83.945414 
1539.195168 84.522816 
1541.123984 85.344369 
1543.052800 84.755000 
1544.981616 84.477309 
1546.910432 83.767184 
1548.839248 83.664212 
1550.768064 83.746203 
1552.696880 83.373208 
1554.625696 83.093647 
1556.554512 82.659091 
1558.483328 85.194741 
1560.412144 85.064596 
1562.340960 83.230700 
1564.269776 82.919976 
1566.198592 82.666797 
1568.127408 82.836179 
1570.056224 83.778618 
1571.985040 83.037180 
1573.913856 82.605331 
1575.842672 83.693005 
1577.771488 83.877546 
1579.700304 83.195591 
1581.629120 83.067123 
1583.557936 83.016356 
1585.486752 83.049790 
1587.415568 83.101911 
1589.344384 83.281858 
1591.273200 83.387272 
1593.202016 83.489155 
1595.130832 83.571715 
1597.059648 83.495023 
1598.988464 83.326234 
1600.917280 83.299830 
1602.846096 83.329787 
1604.774912 83.291770 
1606.703728 83.349788 
1608.632544 83.630558 
1610.561360 83.640915 
1612.490176 83.376622 
1614.418992 83.397411 
1616.347808 84.653664 
1618.276624 84.662852 
1620.205440 83.892611 
1622.134256 84.242375 
1624.063072 84.873370 
1625.991888 84.685863 
1627.920704 85.119863 
1629.849520 85.147986 
1631.778336 84.834556 
1633.707152 85.038613 
1635.635968 86.601212 
1637.564784 86.893947 
1639.493600 86.414894 
1641.422416 86.235936 
1643.351232 86.111099 
1645.280048 86.494205 
1647.208864 87.476217 
1649.137680 86.938573 
1651.066496 86.759560 
1652.995312 88.954815 
1654.924128 89.080616 
1656.852944 88.264883 
1658.781760 88.108497 
1660.710576 88.278997 
1662.639392 88.713354 
1664.568208 88.499788 
1666.497024 88.301886 
1668.425840 88.791229 
1670.354656 89.258198 
1672.283472 89.201468 
1674.212288 89.528979 
1676.141104 89.888259 
1678.069920 89.543753 
1679.998736 89.377526 
1681.927552 89.418521 
1683.856368 90.129309 
1685.785184 90.211420 
1687.714000 89.995404 
1689.642816 90.153722 
1691.571632 90.090527 
1693.500448 90.094355 
1695.429264 90.322134 
1697.358080 90.530541 
1699.286896 90.781753 
1701.215712 90.971333 
1703.144528 90.594397 
1705.073344 90.748236 
1707.002160 90.824751 
1708.930976 90.752926 
1710.859792 90.720374 
1712.788608 90.658126 
1714.717424 90.891903 
1716.646240 91.534809 
1718.575056 91.715674 
1720.503872 91.329503 
1722.432688 91.239770 
1724.361504 91.203603 
1726.290320 91.111048 
1728.219136 91.143837 
1730.147952 91.232921 
1732.076768 91.587678 
1734.005584 92.160031 
1735.934400 91.956493 
1737.863216 91.715461 
1739.792032 91.756084 
1741.720848 91.649476 
1743.649664 91.683909 
1745.578480 91.664840 
1747.507296 91.748566 
1749.436112 92.067786 
1751.364928 92.124181 
1753.293744 92.042133 
1755.222560 92.167759 
1757.151376 92.326088 
1759.080192 92.329242 
1761.009008 92.377862 
1762.937824 92.358260 
1764.866640 92.306347 
1766.795456 92.302498 
1768.724272 92.476236 
1770.653088 92.690984 
1772.581904 92.914043 
1774.510720 92.862985 
1776.439536 92.853252 
1778.368352 92.899717 
1780.297168 92.907732 
1782.225984 92.880198 
1784.154800 92.850785 
1786.083616 92.846407 
1788.012432 92.817013 
1789.941248 92.980697 
1791.870064 93.255099 
1793.798880 93.429481 
1795.727696 93.420529 
1797.656512 93.525884 
1799.585328 93.603991 
1801.514144 93.610055 
1803.442960 93.501680 
1805.371776 93.500916 
1807.300592 93.619468 
1809.229408 93.796387 
1811.158224 93.808431 
1813.087040 93.986235 
1815.015856 94.260737 
1816.944672 94.590948 
1818.873488 94.780053 
1820.802304 94.844334 
1822.731120 94.833235 
1824.659936 94.670446 
1826.588752 94.766974 
1828.517568 94.928773 
1830.446384 95.086449 
1832.375200 95.156682 
1834.304016 95.260601 
1836.232832 95.504618 
1838.161648 95.619807 
1840.090464 95.758364 
1842.019280 95.823887 
1843.948096 95.783898 
1845.876912 95.803745 
1847.805728 95.771191 
1849.734544 95.926073 
1851.663360 96.158710 
1853.592176 96.377597 
1855.520992 96.602079 
1857.449808 96.708896 
1859.378624 96.792283 
1861.307440 96.717698 
1863.236256 96.693826 
1865.165072 96.854431 
1867.093888 96.863341 
1869.022704 96.752534 
1870.951520 96.973191 
1872.880336 97.188018 
1874.809152 97.392554 
1876.737968 97.593341 
1878.666784 97.712128 
1880.595600 97.783284 
1882.524416 97.742177 
1884.453232 97.615380 
1886.382048 97.774491 
1888.310864 97.833818 
1890.239680 97.968479 
1892.168496 98.207775 
1894.097312 98.293126 
1896.026128 98.374241 
1897.954944 98.544385 
1899.883760 98.693234 
1901.812576 98.799085 
1903.741392 98.881490 
1905.670208 99.014150 
1907.599024 99.015387 
1909.527840 98.962249 
1911.456656 99.030051 
1913.385472 99.342808 
1915.314288 99.794472 
1917.243104 99.627338 
1919.171920 99.858369 
1921.100736 100.093218 
1923.029552 99.955519 
1924.958368 100.130822 
1926.887184 100.250407 
1928.816000 100.394974 
1930.744816 100.470546 
1932.673632 100.679232 
1934.602448 101.011481 
1936.531264 101.335347 
1938.460080 101.768393 
1940.388896 102.069134 
1942.317712 101.814851 
1944.246528 101.925377 
1946.175344 101.893373 
1948.104160 101.985725 
1950.032976 102.228839 
1951.961792 102.486912 
1953.890608 102.550305 
1955.819424 102.857702 
1957.748240 103.236405 
1959.677056 103.600720 
1961.605872 103.846106 
1963.534688 104.016357 
1965.463504 103.828315 
1967.392320 103.413518 
1969.321136 103.576466 
1971.249952 104.060897 
1973.178768 104.277379 
1975.107584 104.421078 
1977.036400 104.539235 
1978.965216 104.480839 
1980.894032 104.150642 
1982.822848 103.910444 
1984.751664 103.742471 
1986.680480 103.540123 
1988.609296 103.431927 
1990.538112 103.220077 
1992.466928 102.842452 
1994.395744 103.059327 
1996.324560 103.217320 
1998.253376 103.456947 
2000.182192 103.664839 
2002.111008 103.822582 
2004.039824 104.019956 
2005.968640 104.106228 
2007.897456 103.904347 
2009.826272 103.847164 
2011.755088 104.007063 
2013.683904 104.122697 
2015.612720 103.926722 
2017.541536 103.861837 
2019.470352 104.169627 
2021.399168 104.381048 
2023.327984 104.260178 
2025.256800 104.218555 
2027.185616 104.041259 
2029.114432 103.896984 
2031.043248 103.891232 
2032.972064 104.001961 
2034.900880 103.995606 
2036.829696 103.972396 
2038.758512 103.846638 
2040.687328 103.708203 
2042.616144 103.628950 
2044.544960 103.553166 
2046.473776 103.181443 
2048.402592 102.738328 
2050.331408 102.310371 
2052.260224 102.039376 
2054.189040 101.951659 
2056.117856 101.847792 
2058.046672 101.790948 
2059.975488 101.880281 
2061.904304 101.763142 
2063.833120 101.421900 
2065.761936 101.152736 
2067.690752 101.130583 
2069.619568 100.945792 
2071.548384 100.739128 
2073.477200 100.524312 
2075.406016 100.461458 
2077.334832 100.438986 
2079.263648 100.377162 
2081.192464 100.256013 
2083.121280 100.235363 
2085.050096 100.150678 
2086.978912 99.978708 
2088.907728 99.791898 
2090.836544 99.732944 
2092.765360 99.770870 
2094.694176 99.918193 
2096.622992 100.065734 
2098.551808 100.092174 
2100.480624 100.015447 
2102.409440 99.967699 
2104.338256 99.886882 
2106.267072 99.786358 
2108.195888 99.538844 
2110.124704 99.492881 
2112.053520 99.433620 
2113.982336 99.458976 
2115.911152 99.507248 
2117.839968 99.588805 
2119.768784 99.675011 
2121.697600 99.766923 
2123.626416 99.891207 
2125.555232 100.089877 
2127.484048 100.144317 
2129.412864 100.286677 
2131.341680 100.535071 
2133.270496 100.914344 
2135.199312 101.188356 
2137.128128 101.400204 
2139.056944 101.762706 
2140.985760 102.267278 
2142.914576 102.603180 
2144.843392 102.866722 
2146.772208 102.990154 
2148.701024 103.065290 
2150.629840 103.106543 
2152.558656 103.371088 
2154.487472 103.676335 
2156.416288 104.087730 
2158.345104 104.493494 
2160.273920 104.457888 
2162.202736 104.093746 
2164.131552 103.860445 
2166.060368 103.698770 
2167.989184 103.494449 
2169.918000 103.174592 
2171.846816 102.955289 
2173.775632 102.850881 
2175.704448 102.955044 
2177.633264 103.101773 
2179.562080 103.087726 
2181.490896 103.088909 
2183.419712 103.098227 
2185.348528 102.962761 
2187.277344 102.726728 
2189.206160 102.380459 
2191.134976 102.174097 
2193.063792 102.088297 
2194.992608 102.001433 
2196.921424 101.944748 
2198.850240 101.895364 
2200.779056 101.841031 
2202.707872 101.884371 
2204.636688 101.891692 
2206.565504 101.750756 
2208.494320 101.435458 
2210.423136 101.218310 
2212.351952 101.148432 
2214.280768 101.042756 
2216.209584 100.887150 
2218.138400 100.938690 
2220.067216 101.055386 
2221.996032 101.013487 
2223.924848 100.785085 
2225.853664 100.715695 
2227.782480 100.688808 
2229.711296 100.530097 
2231.640112 100.190356 
2233.568928 100.039212 
2235.497744 99.913057 
2237.426560 99.753424 
2239.355376 99.754087 
2241.284192 99.792845 
2243.213008 99.663300 
2245.141824 99.562072 
2247.070640 99.325899 
2248.999456 99.179883 
2250.928272 99.022091 
2252.857088 98.986142 
2254.785904 98.936181 
2256.714720 98.732501 
2258.643536 98.536986 
2260.572352 98.414201 
2262.501168 98.342003 
2264.429984 98.115168 
2266.358800 97.880745 
2268.287616 97.694289 
2270.216432 97.528087 
2272.145248 97.306930 
2274.074064 97.104145 
2276.002880 96.917702 
2277.931696 96.669963 
2279.860512 96.436783 
2281.789328 96.163101 
2283.718144 95.945327 
2285.646960 95.643472 
2287.575776 95.213620 
2289.504592 94.956126 
2291.433408 94.809481 
2293.362224 94.462730 
2295.291040 94.162687 
2297.219856 94.066639 
2299.148672 94.008710 
2301.077488 93.839667 
2303.006304 93.661794 
2304.935120 93.543172 
2306.863936 93.379596 
2308.792752 93.086738 
2310.721568 92.712361 
2312.650384 92.501130 
2314.579200 92.334019 
2316.508016 92.125788 
2318.436832 92.107485 
2320.365648 92.019222 
2322.294464 91.576777 
2324.223280 91.132144 
2326.152096 90.955500 
2328.080912 90.839683 
2330.009728 90.689812 
2331.938544 90.716801 
2333.867360 90.752329 
2335.796176 90.742325 
2337.724992 90.881622 
2339.653808 90.976006 
2341.582624 90.990415 
2343.511440 90.809464 
2345.440256 90.577341 
2347.369072 90.545185 
2349.297888 90.643699 
2351.226704 90.745602 
2353.155520 90.752567 
2355.084336 90.743528 
2357.013152 90.855456 
2358.941968 90.814728 
2360.870784 90.779289 
2362.799600 90.793967 
2364.728416 90.892770 
2366.657232 91.194321 
2368.586048 91.432052 
2370.514864 91.522730 
2372.443680 91.674243 
2374.372496 91.690109 
2376.301312 91.693721 
2378.230128 91.731726 
2380.158944 91.859244 
2382.087760 91.922294 
2384.016576 92.021083 
2385.945392 92.167273 
2387.874208 92.184672 
2389.803024 92.232744 
2391.731840 92.350223 
2393.660656 92.346757 
2395.589472 92.328197 
2397.518288 92.325898 
2399.447104 92.387633 
2401.375920 92.471159 
2403.304736 92.586018 
2405.233552 92.663217 
2407.162368 92.723265 
2409.091184 92.698468 
2411.020000 92.679095 
2412.948816 92.705755 
2414.877632 92.824396 
2416.806448 92.818448 
2418.735264 92.768392 
2420.664080 92.827715 
2422.592896 92.906130 
2424.521712 93.006774 
2426.450528 93.033333 
2428.379344 92.951076 
2430.308160 92.928894 
2432.236976 92.938689 
2434.165792 92.953034 
2436.094608 93.007614 
2438.023424 93.016583 
2439.952240 92.956726 
2441.881056 93.025657 
2443.809872 93.076355 
2445.738688 93.065214 
2447.667504 92.958935 
2449.596320 92.889808 
2451.525136 92.871681 
2453.453952 92.822051 
2455.382768 92.758986 
2457.311584 92.787881 
2459.240400 92.781081 
2461.169216 92.770015 
2463.098032 92.697615 
2465.026848 92.705727 
2466.955664 92.804507 
2468.884480 92.864698 
2470.813296 92.842753 
2472.742112 92.864274 
2474.670928 92.850249 
2476.599744 92.809399 
2478.528560 92.800266 
2480.457376 92.828255 
2482.386192 92.830405 
2484.315008 92.876121 
2486.243824 92.870660 
2488.172640 92.755084 
2490.101456 92.758536 
2492.030272 92.852082 
2493.959088 92.830958 
2495.887904 92.796204 
2497.816720 92.831069 
2499.745536 92.880860 
2501.674352 92.843457 
2503.603168 92.852620 
2505.531984 92.825927 
2507.460800 92.773649 
2509.389616 92.736300 
2511.318432 92.723995 
2513.247248 92.762647 
2515.176064 92.746060 
2517.104880 92.675771 
2519.033696 92.685127 
2520.962512 92.644574 
2522.891328 92.666758 
2524.820144 92.660253 
2526.748960 92.637774 
2528.677776 92.685589 
2530.606592 92.712476 
2532.535408 92.716856 
2534.464224 92.708280 
2536.393040 92.604231 
2538.321856 92.503155 
2540.250672 92.408868 
2542.179488 92.361141 
2544.108304 92.364057 
2546.037120 92.400492 
2547.965936 92.473475 
2549.894752 92.476278 
2551.823568 92.453814 
2553.752384 92.364351 
2555.681200 92.275232 
2557.610016 92.095289 
2559.538832 92.012224 
2561.467648 92.011718 
2563.396464 92.009250 
2565.325280 92.022490 
2567.254096 92.040582 
2569.182912 91.991574 
2571.111728 91.917342 
2573.040544 91.818792 
2574.969360 91.698135 
2576.898176 91.566690 
2578.826992 91.420933 
2580.755808 91.368075 
2582.684624 91.332868 
2584.613440 91.305784 
2586.542256 91.186763 
2588.471072 91.108750 
2590.399888 91.032009 
2592.328704 90.938360 
2594.257520 90.867060 
2596.186336 90.757622 
2598.115152 90.659983 
2600.043968 90.552442 
2601.972784 90.439139 
2603.901600 90.330584 
2605.830416 90.172573 
2607.759232 90.081323 
2609.688048 90.045213 
2611.616864 89.932673 
2613.545680 89.744987 
2615.474496 89.674245 
2617.403312 89.614939 
2619.332128 89.479232 
2621.260944 89.375772 
2623.189760 89.258477 
2625.118576 89.144382 
2627.047392 89.016788 
2628.976208 88.918534 
2630.905024 88.821887 
2632.833840 88.717722 
2634.762656 88.637076 
2636.691472 88.511220 
2638.620288 88.416365 
2640.549104 88.307460 
2642.477920 88.159336 
2644.406736 88.036765 
2646.335552 87.916711 
2648.264368 87.745402 
2650.193184 87.660095 
2652.122000 87.649565 
2654.050816 87.643477 
2655.979632 87.628321 
2657.908448 87.554099 
2659.837264 87.450417 
2661.766080 87.390312 
2663.694896 87.354166 
2665.623712 87.354479 
2667.552528 87.285666 
2669.481344 87.250628 
2671.410160 87.304073 
2673.338976 87.396372 
2675.267792 87.392110 
2677.196608 87.353216 
2679.125424 87.335634 
2681.054240 87.323459 
2682.983056 87.322345 
2684.911872 87.261222 
2686.840688 87.182923 
2688.769504 87.124870 
2690.698320 87.116501 
2692.627136 87.090441 
2694.555952 87.041897 
2696.484768 87.087460 
2698.413584 87.134581 
2700.342400 87.028018 
2702.271216 86.940381 
2704.200032 86.991182 
2706.128848 87.037384 
2708.057664 87.028855 
2709.986480 87.060642 
2711.915296 87.090073 
2713.844112 87.085427 
2715.772928 87.114023 
2717.701744 87.162757 
2719.630560 87.134572 
2721.559376 87.103262 
2723.488192 87.096266 
2725.417008 87.031791 
2727.345824 86.980906 
2729.274640 86.993143 
2731.203456 87.012262 
2733.132272 87.031987 
2735.061088 87.015121 
2736.989904 86.959482 
2738.918720 86.965441 
2740.847536 86.967372 
2742.776352 86.879072 
2744.705168 86.811754 
2746.633984 86.777334 
2748.562800 86.717409 
2750.491616 86.684296 
2752.420432 86.667306 
2754.349248 86.673723 
2756.278064 86.686943 
2758.206880 86.633082 
2760.135696 86.616680 
2762.064512 86.573089 
2763.993328 86.510374 
2765.922144 86.465397 
2767.850960 86.431598 
2769.779776 86.373054 
2771.708592 86.323965 
2773.637408 86.319734 
2775.566224 86.353423 
2777.495040 86.353381 
2779.423856 86.373395 
2781.352672 86.405011 
2783.281488 86.343765 
2785.210304 86.306909 
2787.139120 86.285798 
2789.067936 86.307544 
2790.996752 86.341076 
2792.925568 86.381840 
2794.854384 86.411617 
2796.783200 86.417914 
2798.712016 86.380766 
2800.640832 86.364221 
2802.569648 86.337956 
2804.498464 86.290879 
2806.427280 86.263227 
2808.356096 86.179553 
2810.284912 86.125923 
2812.213728 86.130365 
2814.142544 86.115285 
2816.071360 86.099431 
2818.000176 86.020367 
2819.928992 85.952393 
2821.857808 85.966884 
2823.786624 85.999472 
2825.715440 85.915669 
2827.644256 85.805358 
2829.573072 85.768595 
2831.501888 85.777855 
2833.430704 85.739188 
2835.359520 85.737409 
2837.288336 85.720925 
2839.217152 85.656456 
2841.145968 85.607797 
2843.074784 85.577077 
2845.003600 85.473259 
2846.932416 85.416650 
2848.861232 85.413761 
2850.790048 85.332065 
2852.718864 85.252658 
2854.647680 85.238599 
2856.576496 85.218077 
2858.505312 85.224059 
2860.434128 85.192950 
2862.362944 85.124071 
2864.291760 85.018444 
2866.220576 84.899581 
2868.149392 84.801082 
2870.078208 84.744764 
2872.007024 84.711652 
2873.935840 84.748620 
2875.864656 84.768693 
2877.793472 84.712180 
2879.722288 84.645304 
2881.651104 84.588102 
2883.579920 84.501789 
2885.508736 84.419664 
2887.437552 84.408419 
2889.366368 84.355560 
2891.295184 84.243921 
2893.224000 84.127897 
2895.152816 84.110016 
2897.081632 84.112074 
2899.010448 84.106463 
2900.939264 84.059433 
2902.868080 83.937351 
2904.796896 83.836729 
2906.725712 83.734676 
2908.654528 83.689657 
2910.583344 83.628078 
2912.512160 83.563219 
2914.440976 83.534031 
2916.369792 83.527916 
2918.298608 83.498491 
2920.227424 83.387863 
2922.156240 83.277749 
2924.085056 83.256003 
2926.013872 83.163899 
2927.942688 83.081008 
2929.871504 83.054020 
2931.800320 83.014067 
2933.729136 82.943421 
2935.657952 82.944582 
2937.586768 82.853901 
2939.515584 82.741891 
2941.444400 82.718364 
2943.373216 82.684044 
2945.302032 82.576387 
2947.230848 82.380312 
2949.159664 82.281259 
2951.088480 82.239507 
2953.017296 82.166682 
2954.946112 82.166367 
2956.874928 82.170976 
2958.803744 82.083589 
2960.732560 82.005960 
2962.661376 81.897813 
2964.590192 81.781517 
2966.519008 81.720092 
2968.447824 81.644601 
2970.376640 81.558146 
2972.305456 81.465491 
2974.234272 81.384242 
2976.163088 81.322698 
2978.091904 81.264437 
2980.020720 81.168684 
2981.949536 81.063828 
2983.878352 81.015656 
2985.807168 80.908503 
2987.735984 80.783693 
2989.664800 80.721380 
2991.593616 80.614634 
2993.522432 80.481947 
2995.451248 80.373215 
2997.380064 80.295895 
2999.308880 80.208955 
3001.237696 80.130193 
3003.166512 80.089182 
3005.095328 80.003279 
3007.024144 79.832371 
3008.952960 79.756072 
3010.881776 79.653716 
3012.810592 79.497737 
3014.739408 79.383797 
3016.668224 79.315685 
3018.597040 79.170329 
3020.525856 79.025154 
3022.454672 78.867457 
3024.383488 78.697491 
3026.312304 78.531562 
3028.241120 78.430187 
3030.169936 78.412693 
3032.098752 78.356543 
3034.027568 78.202091 
3035.956384 78.085362 
3037.885200 77.925305 
3039.814016 77.811875 
3041.742832 77.698899 
3043.671648 77.516844 
3045.600464 77.329206 
3047.529280 77.216603 
3049.458096 77.055605 
3051.386912 76.879218 
3053.315728 76.744792 
3055.244544 76.733086 
3057.173360 76.670730 
3059.102176 76.541531 
3061.030992 76.382815 
3062.959808 76.268739 
3064.888624 76.219185 
3066.817440 76.132797 
3068.746256 76.020562 
3070.675072 75.951891 
3072.603888 75.911105 
3074.532704 75.780752 
3076.461520 75.741986 
3078.390336 75.826463 
3080.319152 75.864160 
3082.247968 75.828377 
3084.176784 75.722797 
3086.105600 75.711066 
3088.034416 75.785615 
3089.963232 75.779651 
3091.892048 75.776941 
3093.820864 75.856388 
3095.749680 75.894786 
3097.678496 75.788605 
3099.607312 75.812954 
3101.536128 75.951152 
3103.464944 76.027820 
3105.393760 76.037292 
3107.322576 76.005039 
3109.251392 75.981946 
3111.180208 76.035888 
3113.109024 75.988947 
3115.037840 75.958672 
3116.966656 75.863379 
3118.895472 75.814477 
3120.824288 75.878305 
3122.753104 75.974168 
3124.681920 76.014032 
3126.610736 76.026551 
3128.539552 76.025050 
3130.468368 76.063078 
3132.397184 76.192105 
3134.326000 76.212820 
3136.254816 76.047434 
3138.183632 76.011356 
3140.112448 76.063917 
3142.041264 76.141108 
3143.970080 76.252158 
3145.898896 76.300222 
3147.827712 76.359606 
3149.756528 76.505213 
3151.685344 76.578858 
3153.614160 76.562266 
3155.542976 76.493552 
3157.471792 76.506998 
3159.400608 76.579576 
3161.329424 76.727993 
3163.258240 76.896534 
3165.187056 77.015072 
3167.115872 77.098023 
3169.044688 77.170869 
3170.973504 77.252787 
3172.902320 77.363265 
3174.831136 77.510101 
3176.759952 77.574588 
3178.688768 77.551990 
3180.617584 77.565459 
3182.546400 77.711791 
3184.475216 77.892067 
3186.404032 78.048620 
3188.332848 78.131368 
3190.261664 78.141439 
3192.190480 78.134050 
3194.119296 78.146160 
3196.048112 78.178083 
3197.976928 78.258342 
3199.905744 78.287642 
3201.834560 78.387521 
3203.763376 78.503563 
3205.692192 78.664287 
3207.621008 78.762732 
3209.549824 78.860991 
3211.478640 78.896888 
3213.407456 78.977959 
3215.336272 79.058005 
3217.265088 79.046586 
3219.193904 79.076525 
3221.122720 79.099335 
3223.051536 79.168477 
3224.980352 79.346713 
3226.909168 79.454493 
3228.837984 79.408859 
3230.766800 79.501312 
3232.695616 79.661489 
3234.624432 79.656509 
3236.553248 79.593569 
3238.482064 79.608280 
3240.410880 79.801552 
3242.339696 79.976695 
3244.268512 80.176796 
3246.197328 80.326884 
3248.126144 80.364445 
3250.054960 80.434413 
3251.983776 80.563827 
3253.912592 80.705607 
3255.841408 80.673494 
3257.770224 80.771809 
3259.699040 80.962496 
3261.627856 81.150555 
3263.556672 81.373645 
3265.485488 81.512021 
3267.414304 81.628909 
3269.343120 81.750881 
3271.271936 81.795310 
3273.200752 82.000938 
3275.129568 82.247636 
3277.058384 82.413523 
3278.987200 82.554524 
3280.916016 82.761479 
3282.844832 82.968939 
3284.773648 83.171039 
3286.702464 83.301182 
3288.631280 83.528625 
3290.560096 83.781085 
3292.488912 84.006723 
3294.417728 84.220123 
3296.346544 84.482255 
3298.275360 84.823782 
3300.204176 85.112929 
3302.132992 85.246114 
3304.061808 85.460219 
3305.990624 85.788862 
3307.919440 86.209249 
3309.848256 86.564559 
3311.777072 86.788401 
3313.705888 86.986557 
3315.634704 87.139812 
3317.563520 87.352691 
3319.492336 87.671973 
3321.421152 87.934804 
3323.349968 88.163984 
3325.278784 88.394942 
3327.207600 88.606775 
3329.136416 88.744200 
3331.065232 88.864345 
3332.994048 89.054151 
3334.922864 89.232370 
3336.851680 89.319383 
3338.780496 89.427396 
3340.709312 89.606607 
3342.638128 89.825687 
3344.566944 90.192896 
3346.495760 90.375310 
3348.424576 90.460119 
3350.353392 90.521417 
3352.282208 90.511290 
3354.211024 90.471591 
3356.139840 90.551263 
3358.068656 90.663917 
3359.997472 90.826632 
3361.926288 90.940972 
3363.855104 90.883692 
3365.783920 90.941956 
3367.712736 91.180248 
3369.641552 91.274808 
3371.570368 91.281457 
3373.499184 91.262220 
3375.428000 91.199967 
3377.356816 91.170171 
3379.285632 91.265456 
3381.214448 91.392353 
3383.143264 91.474488 
3385.072080 91.436582 
3387.000896 91.471131 
3388.929712 91.602555 
3390.858528 91.698488 
3392.787344 91.702164 
3394.716160 91.587042 
3396.644976 91.642557 
3398.573792 91.750424 
3400.502608 91.708519 
3402.431424 91.614390 
3404.360240 91.599852 
3406.289056 91.716730 
3408.217872 91.722714 
3410.146688 91.669591 
3412.075504 91.786474 
3414.004320 91.746648 
3415.933136 91.604141 
3417.861952 91.589747 
3419.790768 91.592512 
3421.719584 91.539542 
3423.648400 91.605073 
3425.577216 91.663340 
3427.506032 91.762606 
3429.434848 91.716601 
3431.363664 91.578091 
3433.292480 91.360804 
3435.221296 91.363403 
3437.150112 91.491128 
3439.078928 91.546895 
3441.007744 91.535557 
3442.936560 91.584507 
3444.865376 91.591796 
3446.794192 91.567997 
3448.723008 91.477713 
3450.651824 91.464692 
3452.580640 91.480495 
3454.509456 91.470256 
3456.438272 91.369806 
3458.367088 91.522277 
3460.295904 91.549864 
3462.224720 91.358913 
3464.153536 91.323488 
3466.082352 91.518031 
3468.011168 91.665032 
3469.939984 91.608051 
3471.868800 91.431308 
3473.797616 91.267902 
3475.726432 91.270401 
3477.655248 91.321203 
3479.584064 91.280485 
3481.512880 91.267747 
3483.441696 91.316575 
3485.370512 91.337308 
3487.299328 91.242799 
3489.228144 91.218774 
3491.156960 91.252641 
3493.085776 91.116930 
3495.014592 91.009797 
3496.943408 91.066757 
3498.872224 91.210595 
3500.801040 91.183110 
3502.729856 91.034185 
3504.658672 90.996673 
3506.587488 91.123303 
3508.516304 91.116664 
3510.445120 90.922277 
3512.373936 90.817534 
3514.302752 90.856968 
3516.231568 90.805639 
3518.160384 90.872821 
3520.089200 90.924110 
3522.018016 90.814827 
3523.946832 90.789005 
3525.875648 90.828651 
3527.804464 90.818760 
3529.733280 90.830761 
3531.662096 90.847908 
3533.590912 90.790312 
3535.519728 90.774838 
3537.448544 90.714535 
3539.377360 90.746792 
3541.306176 90.788803 
3543.234992 90.696425 
3545.163808 90.494937 
3547.092624 90.639148 
3549.021440 90.705342 
3550.950256 90.592617 
3552.879072 90.529881 
3554.807888 90.344279 
3556.736704 90.253880 
3558.665520 90.314334 
3560.594336 90.468479 
3562.523152 90.839289 
3564.451968 90.910982 
3566.380784 90.356436 
3568.309600 89.955138 
3570.238416 90.131291 
3572.167232 90.374309 
3574.096048 90.336933 
3576.024864 90.234419 
3577.953680 90.209618 
3579.882496 90.136681 
3581.811312 90.246922 
3583.740128 90.349737 
3585.668944 90.236547 
3587.597760 89.986530 
3589.526576 89.786399 
3591.455392 89.997390 
3593.384208 90.082513 
3595.313024 89.874882 
3597.241840 89.779755 
3599.170656 89.681215 
3601.099472 89.642949 
3603.028288 89.785367 
3604.957104 90.011620 
3606.885920 90.073813 
3608.814736 89.846064 
3610.743552 89.702401 
3612.672368 89.797112 
3614.601184 89.844313 
3616.530000 89.851129 
3618.458816 89.590277 
3620.387632 89.149579 
3622.316448 89.410237 
3624.245264 90.174360 
3626.174080 90.380149 
3628.102896 90.011455 
3630.031712 89.435453 
3631.960528 89.302203 
3633.889344 89.524595 
3635.818160 89.494905 
3637.746976 89.585666 
3639.675792 89.441972 
3641.604608 89.505398 
3643.533424 89.888284 
3645.462240 90.499572 
3647.391056 90.173551 
3649.319872 89.194103 
3651.248688 89.070795 
3653.177504 89.248980 
3655.106320 89.431269 
3657.035136 89.292141 
3658.963952 89.251241 
3660.892768 89.267091 
3662.821584 89.372719 
3664.750400 89.792238 
3666.679216 90.176489 
3668.608032 90.214251 
3670.536848 89.705755 
3672.465664 89.526541 
3674.394480 89.643824 
3676.323296 88.987177 
3678.252112 88.659568 
3680.180928 88.758265 
3682.109744 89.128501 
3684.038560 89.703967 
3685.967376 89.824839 
3687.896192 89.486376 
3689.825008 88.957414 
3691.753824 88.602334 
3693.682640 88.719138 
3695.611456 89.124972 
3697.540272 89.349999 
3699.469088 89.412863 
3701.397904 89.043907 
3703.326720 88.790317 
3705.255536 89.299640 
3707.184352 89.713916 
3709.113168 89.566776 
3711.041984 88.932654 
3712.970800 88.379726 
3714.899616 88.559459 
3716.828432 89.117285 
3718.757248 89.176337 
3720.686064 89.090510 
3722.614880 88.818623 
3724.543696 88.532730 
3726.472512 88.659344 
3728.401328 89.063831 
3730.330144 89.744567 
3732.258960 89.718479 
3734.187776 89.042054 
3736.116592 88.255193 
3738.045408 88.336746 
3739.974224 89.227635 
3741.903040 89.667194 
3743.831856 89.277040 
3745.760672 88.575593 
3747.689488 89.123611 
3749.618304 88.938724 
3751.547120 88.264653 
3753.475936 88.275480 
3755.404752 88.689850 
3757.333568 88.688839 
3759.262384 88.598558 
3761.191200 88.660757 
3763.120016 88.963048 
3765.048832 89.070794 
3766.977648 88.821102 
3768.906464 88.751960 
3770.835280 88.531486 
3772.764096 88.751512 
3774.692912 89.090073 
3776.621728 89.055406 
3778.550544 88.877110 
3780.479360 88.561093 
3782.408176 88.590128 
3784.336992 88.644024 
3786.265808 88.531224 
3788.194624 88.656112 
3790.123440 88.851672 
3792.052256 89.069242 
3793.981072 89.263510 
3795.909888 89.314199 
3797.838704 89.122824 
3799.767520 89.042039 
3801.696336 88.504986 
3803.625152 88.120998 
3805.553968 88.341069 
3807.482784 88.060169 
3809.411600 88.323618 
3811.340416 88.949098 
3813.269232 89.341928 
3815.198048 89.409118 
3817.126864 88.720065 
3819.055680 88.706807 
3820.984496 88.427190 
3822.913312 87.866218 
3824.842128 88.362264 
3826.770944 88.518920 
3828.699760 88.507125 
3830.628576 88.822010 
3832.557392 88.876629 
3834.486208 89.062896 
3836.415024 88.966125 
3838.343840 88.355533 
3840.272656 87.826345 
3842.201472 87.737595 
3844.130288 87.969724 
3846.059104 88.527287 
3847.987920 89.267961 
3849.916736 89.523839 
3851.845552 88.977992 
3853.774368 87.596593 
3855.703184 87.218077 
3857.632000 88.117762 
3859.560816 88.693929 
3861.489632 88.726026 
3863.418448 88.315533 
3865.347264 88.136079 
3867.276080 88.381105 
3869.204896 88.415638 
3871.133712 87.694253 
3873.062528 87.904467 
3874.991344 88.039254 
3876.920160 88.232695 
3878.848976 88.460961 
3880.777792 88.263699 
3882.706608 88.135169 
3884.635424 88.273851 
3886.564240 87.943037 
3888.493056 88.129384 
3890.421872 88.305002 
3892.350688 87.792474 
3894.279504 88.036767 
3896.208320 88.595243 
3898.137136 88.565548 
3900.065952 88.054809 
3901.994768 87.617072 
3903.923584 87.322091 
3905.852400 87.286676 
3907.781216 87.683990 
3909.710032 88.027712 
3911.638848 88.193815 
3913.567664 88.337064 
3915.496480 88.362438 
3917.425296 87.996069 
3919.354112 87.917005 
3921.282928 88.029792 
3923.211744 88.127317 
3925.140560 87.833029 
3927.069376 87.833477 
3928.998192 87.931667 
3930.927008 87.714845 
3932.855824 87.510419 
3934.784640 87.608031 
3936.713456 87.960998 
3938.642272 88.049150 
3940.571088 87.959945 
3942.499904 87.693071 
3944.428720 87.523070 
3946.357536 87.775599 
3948.286352 87.693575 
3950.215168 87.372659 
3952.143984 87.454257 
3954.072800 87.673023 
3956.001616 87.765664 
3957.930432 87.686586 
3959.859248 87.683713 
3961.788064 87.658032 
3963.716880 87.461041 
3965.645696 87.449852 
3967.574512 87.507312 
3969.503328 87.447952 
3971.432144 87.494084 
3973.360960 87.484940 
3975.289776 87.420656 
3977.218592 87.420665 
3979.147408 87.460774 
3981.076224 87.460571 
3983.005040 87.471580 
3984.933856 87.418313 
3986.862672 87.346686 
3988.791488 87.449340 
3990.720304 87.510849 
3992.649120 87.348451 
3994.577936 87.202822 
3996.506752 87.172014 
3998.435568 87.283375 
4000.364384 87.464636 