##YUNITS=%T
399.264912 97.494482 
401.193728 101.077653 
403.122544 100.328256 
405.051360 99.654237 
406.980176 99.902209 
408.908992 100.225154 
410.837808 99.410102 
412.766624 98.989123 
414.695440 97.897785 
416.624256 97.122524 
418.553072 95.843900 
420.481888 95.232249 
422.410704 95.555546 
424.339520 96.131585 
426.268336 95.917262 
428.197152 93.354160 
430.125968 90.587819 
432.054784 88.561779 
433.983600 88.635568 
435.912416 89.659862 
437.841232 91.684839 
439.770048 93.514865 
441.698864 95.291346 
443.627680 97.235692 
445.556496 97.780147 
447.485312 97.052979 
449.414128 98.355151 
451.342944 98.306082 
453.271760 97.964521 
455.200576 99.402842 
457.129392 99.538294 
459.058208 98.927166 
460.987024 99.437796 
462.915840 100.009505 
464.844656 99.896973 
466.773472 98.594574 
468.702288 98.283494 
470.631104 98.863052 
472.559920 100.518260 
474.488736 100.479437 
476.417552 99.728954 
478.346368 99.634906 
480.275184 98.832405 
482.204000 98.249251 
484.132816 99.007311 
486.061632 97.732029 
487.990448 96.049167 
489.919264 95.931614 
491.848080 95.799366 
493.776896 94.307720 
495.705712 93.640523 
497.634528 92.943354 
499.563344 91.767330 
501.492160 91.558935 
503.420976 93.291865 
505.349792 95.217329 
507.278608 97.175799 
509.207424 98.056234 
511.136240 97.781010 
513.065056 97.176794 
514.993872 97.005907 
516.922688 97.312249 
518.851504 98.072353 
520.780320 98.304038 
522.709136 98.513258 
524.637952 98.393790 
526.566768 98.425021 
528.495584 97.710240 
530.424400 98.014716 
532.353216 98.934343 
534.282032 98.280732 
536.210848 97.416252 
538.139664 97.604445 
540.068480 97.700099 
541.997296 97.136603 
543.926112 98.057852 
545.854928 98.162591 
547.783744 97.001996 
549.712560 96.227530 
551.641376 96.142967 
553.570192 96.009935 
555.499008 95.630479 
557.427824 95.464059 
559.356640 95.521924 
561.285456 95.956627 
563.214272 96.334487 
565.143088 96.061290 
567.071904 95.443632 
569.000720 95.013173 
570.929536 94.590757 
572.858352 94.443916 
574.787168 94.104381 
576.715984 93.473968 
578.644800 93.041843 
580.573616 92.370629 
582.502432 91.248562 
584.431248 89.759561 
586.360064 88.730074 
588.288880 86.591059 
590.217696 84.128493 
592.146512 81.306439 
594.075328 77.652348 
596.004144 77.569839 
597.932960 82.594910 
599.861776 89.183462 
601.790592 93.397881 
603.719408 94.939132 
605.648224 95.619944 
607.577040 95.920814 
609.505856 96.164623 
611.434672 96.287449 
613.363488 96.468205 
615.292304 96.764925 
617.221120 96.545079 
619.149936 96.381718 
621.078752 96.103883 
623.007568 95.739945 
624.936384 95.597808 
626.865200 95.540230 
628.794016 95.410092 
630.722832 95.372747 
632.651648 95.407252 
634.580464 95.291616 
636.509280 95.039284 
638.438096 94.969750 
640.366912 94.647359 
642.295728 94.469224 
644.224544 94.462636 
646.153360 94.268844 
648.082176 94.169010 
650.010992 94.088188 
651.939808 93.899343 
653.868624 93.853367 
655.797440 93.777823 
657.726256 93.691223 
659.655072 93.388762 
661.583888 93.400908 
663.512704 93.490119 
665.441520 92.972061 
667.370336 92.009592 
669.299152 92.152146 
671.227968 92.412075 
673.156784 92.334756 
675.085600 92.145300 
677.014416 92.117258 
678.943232 92.039684 
680.872048 91.692113 
682.800864 91.654347 
684.729680 91.704675 
686.658496 91.614933 
688.587312 91.560009 
690.516128 91.401295 
692.444944 91.299686 
694.373760 91.107380 
696.302576 90.939030 
698.231392 90.591751 
700.160208 90.394986 
702.089024 90.552908 
704.017840 90.459002 
705.946656 90.300001 
707.875472 90.082183 
709.804288 89.698309 
711.733104 89.473081 
713.661920 89.347137 
715.590736 89.350210 
717.519552 89.170210 
719.448368 88.720995 
721.377184 88.699365 
723.306000 88.721869 
725.234816 88.722112 
727.163632 89.037295 
729.092448 89.187585 
731.021264 89.103800 
732.950080 89.055599 
734.878896 89.108800 
736.807712 88.775012 
738.736528 88.349725 
740.665344 88.228749 
742.594160 88.097891 
744.522976 87.893551 
746.451792 87.841802 
748.380608 87.703388 
750.309424 87.278696 
752.238240 87.053143 
754.167056 86.986741 
756.095872 86.839570 
758.024688 86.694318 
759.953504 86.433107 
761.882320 86.136631 
763.811136 85.829819 
765.739952 85.688303 
767.668768 85.465299 
769.597584 85.226038 
771.526400 84.936148 
773.455216 84.573093 
775.384032 84.171556 
777.312848 83.868432 
779.241664 83.511586 
781.170480 83.094636 
783.099296 82.635301 
785.028112 82.175636 
786.956928 81.634228 
788.885744 81.036429 
790.814560 80.428090 
792.743376 79.973149 
794.672192 79.559360 
796.601008 78.949487 
798.529824 78.358083 
800.458640 77.695342 
802.387456 76.989549 
804.316272 76.414213 
806.245088 75.663572 
808.173904 74.612828 
810.102720 73.581128 
812.031536 72.483109 
813.960352 71.242133 
815.889168 69.737203 
817.817984 67.823917 
819.746800 65.670031 
821.675616 63.616663 
823.604432 63.145108 
825.533248 67.130121 
827.462064 73.263070 
829.390880 75.902257 
831.319696 75.231188 
833.248512 73.739989 
835.177328 72.422193 
837.106144 71.231909 
839.034960 70.198610 
840.963776 69.608576 
842.892592 69.338388 
844.821408 69.274650 
846.750224 69.557508 
848.679040 70.084631 
850.607856 70.683119 
852.536672 71.475580 
854.465488 72.478337 
856.394304 73.492877 
858.323120 74.538357 
860.251936 75.575600 
862.180752 76.682005 
864.109568 77.894652 
866.038384 79.170378 
867.967200 80.443168 
869.896016 81.711286 
871.824832 83.016548 
873.753648 84.405726 
875.682464 85.631041 
877.611280 86.766458 
879.540096 87.756883 
881.468912 88.617384 
883.397728 89.352218 
885.326544 89.984879 
887.255360 90.410065 
889.184176 90.828171 
891.112992 91.272533 
893.041808 91.616028 
894.970624 91.925391 
896.899440 92.232182 
898.828256 92.414097 
900.757072 92.577774 
902.685888 92.744106 
904.614704 92.967154 
906.543520 93.082765 
908.472336 93.079272 
910.401152 92.964221 
912.329968 92.977735 
914.258784 93.099056 
916.187600 93.164178 
918.116416 93.274992 
920.045232 93.313783 
921.974048 93.185324 
923.902864 93.074465 
925.831680 92.960156 
927.760496 92.937037 
929.689312 92.867034 
931.618128 92.717057 
933.546944 92.581899 
935.475760 92.462335 
937.404576 92.288522 
939.333392 92.134391 
941.262208 92.049665 
943.191024 92.044262 
945.119840 91.974151 
947.048656 91.819679 
948.977472 91.691265 
950.906288 91.571626 
952.835104 91.507074 
954.763920 91.520805 
956.692736 91.498335 
958.621552 91.543624 
960.550368 91.575149 
962.479184 91.556300 
964.408000 91.459387 
966.336816 91.437149 
968.265632 91.446383 
970.194448 91.486811 
972.123264 91.606405 
974.052080 91.728489 
975.980896 91.897791 
977.909712 92.064767 
979.838528 92.174372 
981.767344 92.254458 
983.696160 92.309790 
985.624976 92.244382 
987.553792 92.139945 
989.482608 92.058512 
991.411424 92.004396 
993.340240 91.972365 
995.269056 91.968009 
997.197872 91.974806 
999.126688 91.935894 
1001.055504 91.938730 
1002.984320 91.894471 
1004.913136 91.905054 
1006.841952 91.828757 
1008.770768 91.722202 
1010.699584 91.538576 
1012.628400 91.487815 
1014.557216 91.417317 
1016.486032 91.435175 
1018.414848 91.498669 
1020.343664 91.389103 
1022.272480 91.271962 
1024.201296 91.331830 
1026.130112 91.303108 
1028.058928 91.163957 
1029.987744 90.911982 
1031.916560 90.839621 
1033.845376 90.769045 
1035.774192 90.680713 
1037.703008 90.587759 
1039.631824 90.505346 
1041.560640 90.523261 
1043.489456 90.381044 
1045.418272 90.132286 
1047.347088 89.928228 
1049.275904 89.606112 
1051.204720 89.189070 
1053.133536 88.639409 
1055.062352 88.132355 
1056.991168 87.629559 
1058.919984 87.194004 
1060.848800 86.870220 
1062.777616 86.999111 
1064.706432 87.535659 
1066.635248 88.165935 
1068.564064 88.591406 
1070.492880 88.865977 
1072.421696 89.087395 
1074.350512 89.381167 
1076.279328 89.469147 
1078.208144 89.483326 
1080.136960 89.491216 
1082.065776 89.430365 
1083.994592 89.468954 
1085.923408 89.377190 
1087.852224 89.147456 
1089.781040 89.132311 
1091.709856 89.125180 
1093.638672 89.059073 
1095.567488 89.022592 
1097.496304 89.117944 
1099.425120 89.172527 
1101.353936 89.202443 
1103.282752 89.112484 
1105.211568 89.108228 
1107.140384 89.063323 
1109.069200 88.984110 
1110.998016 88.879968 
1112.926832 88.743898 
1114.855648 88.593149 
1116.784464 88.491561 
1118.713280 88.416302 
1120.642096 88.337411 
1122.570912 88.187177 
1124.499728 88.070595 
1126.428544 87.985231 
1128.357360 87.925001 
1130.286176 87.605357 
1132.214992 87.312177 
1134.143808 87.167603 
1136.072624 87.027341 
1138.001440 86.847923 
1139.930256 86.786132 
1141.859072 86.772892 
1143.787888 86.754716 
1145.716704 86.520132 
1147.645520 86.191027 
1149.574336 85.933230 
1151.503152 85.791096 
1153.431968 85.622344 
1155.360784 85.496832 
1157.289600 85.351158 
1159.218416 85.247319 
1161.147232 85.223103 
1163.076048 85.261365 
1165.004864 85.256103 
1166.933680 85.174755 
1168.862496 84.989106 
1170.791312 84.709514 
1172.720128 84.372043 
1174.648944 84.138267 
1176.577760 83.963834 
1178.506576 83.844204 
1180.435392 83.653503 
1182.364208 83.400269 
1184.293024 83.198659 
1186.221840 83.208500 
1188.150656 83.433986 
1190.079472 83.775106 
1192.008288 83.987803 
1193.937104 83.985078 
1195.865920 83.838277 
1197.794736 83.735067 
1199.723552 83.641382 
1201.652368 83.522563 
1203.581184 83.366012 
1205.510000 83.201413 
1207.438816 83.015308 
1209.367632 82.738189 
1211.296448 82.361937 
1213.225264 82.050380 
1215.154080 81.708277 
1217.082896 81.349619 
1219.011712 81.022577 
1220.940528 80.804905 
1222.869344 80.577203 
1224.798160 80.324740 
1226.726976 80.083178 
1228.655792 79.798788 
1230.584608 79.374428 
1232.513424 78.906861 
1234.442240 78.401482 
1236.371056 77.912188 
1238.299872 77.506776 
1240.228688 77.177136 
1242.157504 76.870059 
1244.086320 76.578099 
1246.015136 76.238066 
1247.943952 75.797080 
1249.872768 75.212897 
1251.801584 74.552095 
1253.730400 73.876202 
1255.659216 73.203144 
1257.588032 72.551519 
1259.516848 71.990053 
1261.445664 71.483879 
1263.374480 70.877107 
1265.303296 70.161037 
1267.232112 69.299815 
1269.160928 68.320004 
1271.089744 67.255958 
1273.018560 66.066127 
1274.947376 64.786479 
1276.876192 63.722430 
1278.805008 63.177909 
1280.733824 63.499202 
1282.662640 64.357437 
1284.591456 64.893203 
1286.520272 64.610205 
1288.449088 63.782858 
1290.377904 62.587495 
1292.306720 61.214965 
1294.235536 59.820473 
1296.164352 58.544233 
1298.093168 57.468233 
1300.021984 56.641794 
1301.950800 56.197098 
1303.879616 56.141226 
1305.808432 56.531102 
1307.737248 57.409460 
1309.666064 58.487681 
1311.594880 59.583240 
1313.523696 60.903449 
1315.452512 62.097867 
1317.381328 63.635735 
1319.310144 66.329687 
1321.238960 70.260687 
1323.167776 75.076047 
1325.096592 80.020115 
1327.025408 83.717783 
1328.954224 85.606511 
1330.883040 85.782848 
1332.811856 85.031968 
1334.740672 84.261025 
1336.669488 84.483901 
1338.598304 86.081688 
1340.527120 88.820342 
1342.455936 90.892988 
1344.384752 92.177906 
1346.313568 93.026905 
1348.242384 93.427985 
1350.171200 93.402266 
1352.100016 93.128181 
1354.028832 92.597165 
1355.957648 91.886149 
1357.886464 90.909413 
1359.815280 89.575123 
1361.744096 88.061071 
1363.672912 86.916017 
1365.601728 86.042938 
1367.530544 85.833327 
1369.459360 86.732197 
1371.388176 87.871075 
1373.316992 88.915736 
1375.245808 90.039617 
1377.174624 90.336432 
1379.103440 90.305906 
1381.032256 90.151236 
1382.961072 89.886186 
1384.889888 89.370696 
1386.818704 88.881507 
1388.747520 88.598976 
1390.676336 87.889866 
1392.605152 86.809419 
1394.533968 85.799304 
1396.462784 85.041316 
1398.391600 84.482510 
1400.320416 83.911538 
1402.249232 82.754556 
1404.178048 81.794254 
1406.106864 80.907734 
1408.035680 79.572926 
1409.964496 78.086066 
1411.893312 76.525375 
1413.822128 74.470511 
1415.750944 72.007977 
1417.679760 70.374465 
1419.608576 70.101522 
1421.537392 68.144646 
1423.466208 67.355540 
1425.395024 67.736517 
1427.323840 68.142188 
1429.252656 70.422276 
1431.181472 73.576459 
1433.110288 75.798855 
1435.039104 78.155156 
1436.967920 82.944971 
1438.896736 85.719670 
1440.825552 87.096002 
1442.754368 88.521831 
1444.683184 89.484678 
1446.612000 90.102768 
1448.540816 90.877441 
1450.469632 91.299553 
1452.398448 91.239185 
1454.327264 90.595423 
1456.256080 90.109718 
1458.184896 90.923154 
1460.113712 91.204332 
1462.042528 91.049848 
1463.971344 91.198737 
1465.900160 91.918858 
1467.828976 92.013571 
1469.757792 91.485655 
1471.686608 90.827732 
1473.615424 90.927150 
1475.544240 91.161364 
1477.473056 91.289882 
1479.401872 91.085607 
1481.330688 90.895334 
1483.259504 90.773062 
1485.188320 90.257891 
1487.117136 89.673142 
1489.045952 89.427129 
1490.974768 89.963657 
1492.903584 89.748593 
1494.832400 89.107707 
1496.761216 88.863304 
1498.690032 88.840569 
1500.618848 88.501297 
1502.547664 87.765739 
1504.476480 86.709940 
1506.405296 86.372940 
1508.334112 87.220398 
1510.262928 87.087610 
1512.191744 86.891635 
1514.120560 86.131070 
1516.049376 85.355653 
1517.978192 85.018139 
1519.907008 84.300407 
1521.835824 84.872563 
1523.764640 84.650173 
1525.693456 84.556967 
1527.622272 84.839911 
1529.551088 84.500801 
1531.479904 83.699468 
1533.408720 84.112473 
1535.337536 83.722762 
1537.266352 82.183534 
1539.195168 81.816761 
1541.123984 83.254780 
1543.052800 83.335082 
1544.981616 83.675699 
1546.910432 83.379253 
1548.839248 82.967953 
1550.768064 83.097533 
1552.696880 82.579688 
1554.625696 82.054346 
1556.554512 80.901186 
1558.483328 82.588888 
1560.412144 84.765858 
1562.340960 83.139479 
1564.269776 82.864607 
1566.198592 82.838880 
1568.127408 82.711775 
1570.056224 83.929530 
1571.985040 83.616962 
1573.913856 82.834802 
1575.842672 83.670266 
1577.771488 84.422361 
1579.700304 83.883115 
1581.629120 83.812543 
1583.557936 83.883549 
1585.486752 84.027082 
1587.415568 84.048644 
1589.344384 84.155429 
1591.273200 84.262019 
1593.202016 84.343422 
1595.130832 84.460515 
1597.059648 84.437498 
1598.988464 84.267539 
1600.917280 84.233637 
1602.846096 84.320236 
1604.774912 84.419647 
1606.703728 84.486228 
1608.632544 84.861062 
1610.561360 85.146607 
1612.490176 84.969321 
1614.418992 84.454479 
1616.347808 85.328167 
1618.276624 85.970564 
1620.205440 85.222724 
1622.134256 85.177434 
1624.063072 86.039559 
1625.991888 86.150318 
1627.920704 86.711176 
1629.849520 87.013996 
1631.778336 86.559456 
1633.707152 86.092215 
1635.635968 87.293454 
1637.564784 88.112114 
1639.493600 87.785273 
1641.422416 87.575303 
1643.351232 87.063058 
1645.280048 86.788161 
1647.208864 88.122727 
1649.137680 88.144807 
1651.066496 87.143143 
1652.995312 88.947395 
1654.924128 90.236355 
1656.852944 89.529288 
1658.781760 89.214668 
1660.710576 88.970498 
1662.639392 89.528733 
1664.568208 89.839876 
1666.497024 89.236632 
1668.425840 89.193917 
1670.354656 90.119763 
1672.283472 90.088348 
1674.212288 90.089322 
1676.141104 90.734210 
1678.069920 90.314886 
1679.998736 89.785531 
1681.927552 89.324672 
1683.856368 90.231601 
1685.785184 91.269414 
1687.714000 90.889420 
1689.642816 91.200737 
1691.571632 91.380405 
1693.500448 90.957531 
1695.429264 90.848035 
1697.358080 90.908380 
1699.286896 91.103328 
1701.215712 92.164339 
1703.144528 91.654424 
1705.073344 91.730617 
1707.002160 92.331130 
1708.930976 92.499643 
1710.859792 92.430742 
1712.788608 92.136530 
1714.717424 91.735901 
1716.646240 92.080581 
1718.575056 93.160894 
1720.503872 93.191809 
1722.432688 92.974147 
1724.361504 93.183757 
1726.290320 93.226069 
1728.219136 93.019373 
1730.147952 92.734804 
1732.076768 92.550815 
1734.005584 93.185007 
1735.934400 93.826309 
1737.863216 93.409447 
1739.792032 93.467054 
1741.720848 93.410787 
1743.649664 93.252095 
1745.578480 93.159874 
1747.507296 93.063848 
1749.436112 93.374880 
1751.364928 94.073109 
1753.293744 94.290356 
1755.222560 94.093443 
1757.151376 94.099173 
1759.080192 93.952617 
1761.009008 93.872178 
1762.937824 94.208700 
1764.866640 94.133393 
1766.795456 93.930148 
1768.724272 93.914309 
1770.653088 93.847934 
1772.581904 94.310019 
1774.510720 94.660223 
1776.439536 94.672323 
1778.368352 94.584110 
1780.297168 94.499969 
1782.225984 94.625060 
1784.154800 94.659975 
1786.083616 94.812907 
1788.012432 94.654283 
1789.941248 94.356832 
1791.870064 94.587504 
1793.798880 95.007546 
1795.727696 94.884806 
1797.656512 94.844037 
1799.585328 94.787510 
1801.514144 94.977255 
1803.442960 95.125266 
1805.371776 95.153696 
1807.300592 95.043524 
1809.229408 94.978080 
1811.158224 95.169038 
1813.087040 95.443308 
1815.015856 95.519108 
1816.944672 95.692743 
1818.873488 95.821092 
1820.802304 95.809627 
1822.731120 95.529937 
1824.659936 95.473564 
1826.588752 95.497301 
1828.517568 95.390760 
1830.446384 95.756585 
1832.375200 96.111401 
1834.304016 96.179856 
1836.232832 96.243055 
1838.161648 96.283845 
1840.090464 96.126405 
1842.019280 95.729275 
1843.948096 95.833397 
1845.876912 96.029899 
1847.805728 96.151866 
1849.734544 96.433324 
1851.663360 96.564121 
1853.592176 96.563449 
1855.520992 96.627565 
1857.449808 96.641592 
1859.378624 96.601565 
1861.307440 96.580874 
1863.236256 96.515869 
1865.165072 96.283672 
1867.093888 96.132913 
1869.022704 96.492932 
1870.951520 96.913287 
1872.880336 96.905451 
1874.809152 96.973369 
1876.737968 96.926082 
1878.666784 96.927872 
1880.595600 97.009034 
1882.524416 96.932764 
1884.453232 96.854164 
1886.382048 96.863246 
1888.310864 96.728314 
1890.239680 96.910883 
1892.168496 97.024877 
1894.097312 97.020093 
1896.026128 97.184486 
1897.954944 97.357739 
1899.883760 97.359401 
1901.812576 97.359809 
1903.741392 97.406171 
1905.670208 97.347804 
1907.599024 97.237545 
1909.527840 97.326008 
1911.456656 97.420687 
1913.385472 97.592260 
1915.314288 97.593915 
1917.243104 97.490258 
1919.171920 97.581479 
1921.100736 97.545583 
1923.029552 97.691764 
1924.958368 97.914548 
1926.887184 97.881057 
1928.816000 97.987673 
1930.744816 98.046051 
1932.673632 98.013625 
1934.602448 98.039056 
1936.531264 98.131276 
1938.460080 98.178327 
1940.388896 98.108999 
1942.317712 98.038953 
1944.246528 98.300460 
1946.175344 98.462300 
1948.104160 98.531669 
1950.032976 98.563169 
1951.961792 98.539427 
1953.890608 98.378005 
1955.819424 98.567832 
1957.748240 98.813573 
1959.677056 98.960712 
1961.605872 98.981279 
1963.534688 99.006271 
1965.463504 98.845165 
1967.392320 98.894741 
1969.321136 99.083117 
1971.249952 99.321003 
1973.178768 99.412299 
1975.107584 99.493332 
1977.036400 99.439840 
1978.965216 99.446489 
1980.894032 99.292510 
1982.822848 99.122987 
1984.751664 99.041603 
1986.680480 99.012695 
1988.609296 98.876449 
1990.538112 98.701544 
1992.466928 98.798889 
1994.395744 99.006253 
1996.324560 99.065330 
1998.253376 99.086566 
2000.182192 99.065872 
2002.111008 99.217479 
2004.039824 99.364883 
2005.968640 99.444075 
2007.897456 99.481146 
2009.826272 99.357129 
2011.755088 99.175008 
2013.683904 99.138978 
2015.612720 98.961907 
2017.541536 98.985314 
2019.470352 99.156611 
2021.399168 99.301774 
2023.327984 99.219427 
2025.256800 99.151796 
2027.185616 99.222217 
2029.114432 99.364587 
2031.043248 99.318814 
2032.972064 99.205709 
2034.900880 99.140188 
2036.829696 99.179893 
2038.758512 99.053901 
2040.687328 99.103700 
2042.616144 99.215044 
2044.544960 99.095922 
2046.473776 98.782974 
2048.402592 98.651651 
2050.331408 98.523309 
2052.260224 98.481879 
2054.189040 98.420535 
2056.117856 98.378646 
2058.046672 98.245844 
2059.975488 98.057384 
2061.904304 97.942112 
2063.833120 97.973565 
2065.761936 97.995979 
2067.690752 98.006448 
2069.619568 97.922621 
2071.548384 97.802638 
2073.477200 97.758770 
2075.406016 97.712863 
2077.334832 97.585334 
2079.263648 97.645713 
2081.192464 97.761337 
2083.121280 97.629678 
2085.050096 97.514741 
2086.978912 97.565707 
2088.907728 97.472759 
2090.836544 97.457476 
2092.765360 97.476145 
2094.694176 97.481168 
2096.622992 97.557693 
2098.551808 97.671611 
2100.480624 97.604997 
2102.409440 97.520313 
2104.338256 97.572136 
2106.267072 97.523758 
2108.195888 97.381651 
2110.124704 97.317989 
2112.053520 97.216327 
2113.982336 97.280476 
2115.911152 97.443704 
2117.839968 97.493951 
2119.768784 97.464632 
2121.697600 97.480959 
2123.626416 97.542267 
2125.555232 97.704750 
2127.484048 97.745774 
2129.412864 97.765839 
2131.341680 97.850905 
2133.270496 98.004874 
2135.199312 98.124265 
2137.128128 98.287409 
2139.056944 98.413802 
2140.985760 98.609227 
2142.914576 98.786702 
2144.843392 98.846006 
2146.772208 98.620229 
2148.701024 98.641366 
2150.629840 98.821632 
2152.558656 98.957438 
2154.487472 98.950617 
2156.416288 99.193776 
2158.345104 99.332648 
2160.273920 99.211732 
2162.202736 99.082789 
2164.131552 99.004878 
2166.060368 99.005214 
2167.989184 98.990507 
2169.918000 98.929995 
2171.846816 98.978805 
2173.775632 98.904158 
2175.704448 98.842752 
2177.633264 98.835236 
2179.562080 98.958334 
2181.490896 99.054788 
2183.419712 99.002877 
2185.348528 98.679172 
2187.277344 98.598342 
2189.206160 98.608887 
2191.134976 98.531006 
2193.063792 98.539078 
2194.992608 98.459105 
2196.921424 98.298214 
2198.850240 98.380960 
2200.779056 98.443554 
2202.707872 98.422127 
2204.636688 98.419938 
2206.565504 98.371362 
2208.494320 98.259205 
2210.423136 98.166281 
2212.351952 98.042458 
2214.280768 98.001966 
2216.209584 98.010572 
2218.138400 98.120804 
2220.067216 98.153797 
2221.996032 98.214727 
2223.924848 98.238394 
2225.853664 98.156584 
2227.782480 97.979245 
2229.711296 97.864016 
2231.640112 97.831752 
2233.568928 97.699113 
2235.497744 97.657542 
2237.426560 97.816390 
2239.355376 97.849623 
2241.284192 97.841322 
2243.213008 97.673543 
2245.141824 97.531915 
2247.070640 97.538945 
2248.999456 97.605976 
2250.928272 97.511064 
2252.857088 97.263245 
2254.785904 97.209162 
2256.714720 97.327372 
2258.643536 97.339708 
2260.572352 97.262005 
2262.501168 97.166624 
2264.429984 97.050900 
2266.358800 96.980656 
2268.287616 96.942887 
2270.216432 96.791179 
2272.145248 96.669654 
2274.074064 96.647394 
2276.002880 96.603724 
2277.931696 96.608481 
2279.860512 96.482232 
2281.789328 96.274453 
2283.718144 96.137268 
2285.646960 95.988971 
2287.575776 95.846682 
2289.504592 95.653110 
2291.433408 95.390180 
2293.362224 95.156091 
2295.291040 94.974047 
2297.219856 94.787639 
2299.148672 94.777387 
2301.077488 94.680748 
2303.006304 94.413994 
2304.935120 94.191373 
2306.863936 94.006972 
2308.792752 93.844392 
2310.721568 93.662074 
2312.650384 93.475447 
2314.579200 93.416478 
2316.508016 93.207304 
2318.436832 92.992268 
2320.365648 92.843392 
2322.294464 92.628923 
2324.223280 92.385129 
2326.152096 92.233560 
2328.080912 92.045403 
2330.009728 91.983396 
2331.938544 92.061059 
2333.867360 92.076148 
2335.796176 92.052265 
2337.724992 92.163230 
2339.653808 92.282887 
2341.582624 92.355094 
2343.511440 92.461058 
2345.440256 92.553147 
2347.369072 92.431778 
2349.297888 92.040668 
2351.226704 91.703807 
2353.155520 91.516354 
2355.084336 91.381302 
2357.013152 91.483903 
2358.941968 91.464450 
2360.870784 91.639865 
2362.799600 91.860594 
2364.728416 91.952205 
2366.657232 92.177539 
2368.586048 92.558096 
2370.514864 92.717676 
2372.443680 92.732776 
2374.372496 92.986314 
2376.301312 93.307726 
2378.230128 93.473718 
2380.158944 93.694206 
2382.087760 93.874627 
2384.016576 94.080819 
2385.945392 94.281641 
2387.874208 94.341558 
2389.803024 94.292045 
2391.731840 94.291806 
2393.660656 94.322064 
2395.589472 94.341069 
2397.518288 94.368134 
2399.447104 94.483069 
2401.375920 94.552448 
2403.304736 94.665317 
2405.233552 94.749741 
2407.162368 94.738237 
2409.091184 94.618126 
2411.020000 94.591031 
2412.948816 94.688449 
2414.877632 94.707592 
2416.806448 94.707634 
2418.735264 94.761941 
2420.664080 94.774856 
2422.592896 94.729518 
2424.521712 94.795872 
2426.450528 94.821293 
2428.379344 94.744924 
2430.308160 94.728799 
2432.236976 94.747749 
2434.165792 94.762707 
2436.094608 94.753920 
2438.023424 94.730889 
2439.952240 94.770431 
2441.881056 94.817579 
2443.809872 94.823082 
2445.738688 94.913700 
2447.667504 94.948254 
2449.596320 94.896623 
2451.525136 94.837133 
2453.453952 94.762021 
2455.382768 94.694162 
2457.311584 94.712671 
2459.240400 94.741822 
2461.169216 94.799486 
2463.098032 94.876656 
2465.026848 94.896182 
2466.955664 94.861181 
2468.884480 94.782702 
2470.813296 94.730520 
2472.742112 94.797605 
2474.670928 94.815492 
2476.599744 94.733501 
2478.528560 94.630446 
2480.457376 94.613037 
2482.386192 94.702247 
2484.315008 94.768642 
2486.243824 94.871606 
2488.172640 94.936167 
2490.101456 94.874451 
2492.030272 94.817175 
2493.959088 94.781652 
2495.887904 94.675871 
2497.816720 94.644151 
2499.745536 94.660890 
2501.674352 94.718493 
2503.603168 94.890562 
2505.531984 94.913667 
2507.460800 94.791231 
2509.389616 94.699085 
2511.318432 94.805949 
2513.247248 94.882358 
2515.176064 94.893678 
2517.104880 94.798461 
2519.033696 94.743745 
2520.962512 94.797347 
2522.891328 94.855091 
2524.820144 94.878239 
2526.748960 94.864995 
2528.677776 94.818742 
2530.606592 94.829935 
2532.535408 94.778607 
2534.464224 94.581826 
2536.393040 94.436952 
2538.321856 94.435953 
2540.250672 94.427731 
2542.179488 94.409512 
2544.108304 94.483200 
2546.037120 94.534802 
2547.965936 94.472853 
2549.894752 94.393530 
2551.823568 94.363747 
2553.752384 94.373136 
2555.681200 94.333594 
2557.610016 94.316865 
2559.538832 94.338714 
2561.467648 94.346478 
2563.396464 94.371993 
2565.325280 94.428905 
2567.254096 94.357962 
2569.182912 94.267366 
2571.111728 94.171764 
2573.040544 94.042720 
2574.969360 93.928401 
2576.898176 93.846090 
2578.826992 93.849286 
2580.755808 93.922607 
2582.684624 93.869204 
2584.613440 93.878276 
2586.542256 93.920715 
2588.471072 93.812459 
2590.399888 93.674669 
2592.328704 93.572342 
2594.257520 93.469676 
2596.186336 93.368982 
2598.115152 93.268375 
2600.043968 93.245221 
2601.972784 93.273266 
2603.901600 93.334227 
2605.830416 93.305384 
2607.759232 93.217625 
2609.688048 93.107104 
2611.616864 93.032207 
2613.545680 92.972893 
2615.474496 92.953323 
2617.403312 92.895814 
2619.332128 92.874260 
2621.260944 92.870375 
2623.189760 92.815681 
2625.118576 92.727982 
2627.047392 92.707057 
2628.976208 92.706098 
2630.905024 92.630367 
2632.833840 92.489524 
2634.762656 92.332032 
2636.691472 92.174686 
2638.620288 92.070110 
2640.549104 91.972578 
2642.477920 91.950065 
2644.406736 91.907175 
2646.335552 91.848273 
2648.264368 91.850292 
2650.193184 91.808985 
2652.122000 91.629771 
2654.050816 91.510206 
2655.979632 91.469760 
2657.908448 91.413149 
2659.837264 91.386718 
2661.766080 91.414908 
2663.694896 91.454310 
2665.623712 91.486181 
2667.552528 91.513931 
2669.481344 91.466113 
2671.410160 91.423490 
2673.338976 91.403694 
2675.267792 91.387832 
2677.196608 91.400916 
2679.125424 91.357930 
2681.054240 91.388307 
2682.983056 91.470858 
2684.911872 91.575103 
2686.840688 91.660177 
2688.769504 91.644371 
2690.698320 91.613485 
2692.627136 91.595274 
2694.555952 91.547858 
2696.484768 91.517792 
2698.413584 91.493969 
2700.342400 91.484285 
2702.271216 91.560526 
2704.200032 91.618936 
2706.128848 91.660178 
2708.057664 91.633729 
2709.986480 91.632567 
2711.915296 91.659820 
2713.844112 91.611931 
2715.772928 91.513316 
2717.701744 91.412059 
2719.630560 91.385742 
2721.559376 91.410783 
2723.488192 91.398971 
2725.417008 91.353078 
2727.345824 91.308019 
2729.274640 91.266546 
2731.203456 91.201884 
2733.132272 91.125502 
2735.061088 91.096206 
2736.989904 91.067649 
2738.918720 91.045754 
2740.847536 91.048041 
2742.776352 91.129034 
2744.705168 91.276968 
2746.633984 91.356154 
2748.562800 91.380794 
2750.491616 91.363808 
2752.420432 91.373077 
2754.349248 91.289702 
2756.278064 91.232400 
2758.206880 91.228531 
2760.135696 91.248862 
2762.064512 91.238731 
2763.993328 91.312114 
2765.922144 91.415835 
2767.850960 91.512086 
2769.779776 91.516847 
2771.708592 91.427381 
2773.637408 91.382688 
2775.566224 91.334992 
2777.495040 91.323483 
2779.423856 91.305398 
2781.352672 91.286992 
2783.281488 91.283512 
2785.210304 91.272670 
2787.139120 91.329484 
2789.067936 91.333992 
2790.996752 91.267301 
2792.925568 91.230828 
2794.854384 91.169486 
2796.783200 91.077494 
2798.712016 91.048400 
2800.640832 91.066671 
2802.569648 90.976929 
2804.498464 90.967497 
2806.427280 91.139736 
2808.356096 91.160124 
2810.284912 91.085065 
2812.213728 91.063091 
2814.142544 90.999157 
2816.071360 90.868257 
2818.000176 90.789826 
2819.928992 90.753935 
2821.857808 90.666556 
2823.786624 90.633993 
2825.715440 90.642151 
2827.644256 90.704833 
2829.573072 90.731161 
2831.501888 90.641215 
2833.430704 90.555309 
2835.359520 90.509880 
2837.288336 90.435629 
2839.217152 90.341075 
2841.145968 90.324250 
2843.074784 90.328108 
2845.003600 90.346899 
2846.932416 90.373566 
2848.861232 90.411566 
2850.790048 90.319987 
2852.718864 90.207348 
2854.647680 90.121552 
2856.576496 90.006956 
2858.505312 89.840826 
2860.434128 89.699234 
2862.362944 89.607778 
2864.291760 89.563978 
2866.220576 89.558279 
2868.149392 89.511145 
2870.078208 89.468522 
2872.007024 89.391248 
2873.935840 89.284971 
2875.864656 89.160902 
2877.793472 88.948091 
2879.722288 88.752520 
2881.651104 88.615010 
2883.579920 88.499924 
2885.508736 88.489641 
2887.437552 88.548006 
2889.366368 88.529322 
2891.295184 88.496265 
2893.224000 88.530702 
2895.152816 88.513198 
2897.081632 88.468273 
2899.010448 88.415234 
2900.939264 88.397403 
2902.868080 88.382800 
2904.796896 88.391983 
2906.725712 88.419041 
2908.654528 88.440448 
2910.583344 88.461684 
2912.512160 88.461468 
2914.440976 88.422320 
2916.369792 88.383576 
2918.298608 88.356281 
2920.227424 88.233832 
2922.156240 88.135589 
2924.085056 88.131314 
2926.013872 88.038939 
2927.942688 87.993284 
2929.871504 87.946023 
2931.800320 87.836219 
2933.729136 87.746446 
2935.657952 87.648506 
2937.586768 87.458769 
2939.515584 87.306232 
2941.444400 87.219290 
2943.373216 87.180946 
2945.302032 87.077132 
2947.230848 86.867165 
2949.159664 86.702327 
2951.088480 86.563185 
2953.017296 86.461100 
2954.946112 86.315848 
2956.874928 86.046181 
2958.803744 85.745520 
2960.732560 85.476472 
2962.661376 85.268762 
2964.590192 85.051381 
2966.519008 84.784739 
2968.447824 84.489045 
2970.376640 84.187346 
2972.305456 84.105145 
2974.234272 84.113206 
2976.163088 83.879344 
2978.091904 83.383583 
2980.020720 82.875556 
2981.949536 82.908732 
2983.878352 83.597533 
2985.807168 84.019277 
2987.735984 84.059671 
2989.664800 84.231274 
2991.593616 84.301327 
2993.522432 84.307290 
2995.451248 84.330617 
2997.380064 84.292078 
2999.308880 84.234219 
3001.237696 84.321734 
3003.166512 84.496819 
3005.095328 84.673713 
3007.024144 84.792088 
3008.952960 84.950010 
3010.881776 84.980813 
3012.810592 84.953887 
3014.739408 84.959384 
3016.668224 84.901747 
3018.597040 84.750815 
3020.525856 84.609206 
3022.454672 84.487396 
3024.383488 84.392407 
3026.312304 84.315719 
3028.241120 84.169019 
3030.169936 84.071674 
3032.098752 84.087105 
3034.027568 83.957578 
3035.956384 83.738684 
3037.885200 83.525476 
3039.814016 83.432285 
3041.742832 83.349978 
3043.671648 83.181721 
3045.600464 82.990427 
3047.529280 82.859588 
3049.458096 82.797502 
3051.386912 82.679781 
3053.315728 82.474134 
3055.244544 82.300246 
3057.173360 82.144012 
3059.102176 81.992882 
3061.030992 81.828017 
3062.959808 81.604692 
3064.888624 81.440817 
3066.817440 81.372542 
3068.746256 81.335687 
3070.675072 81.228176 
3072.603888 81.045348 
3074.532704 80.836957 
3076.461520 80.587982 
3078.390336 80.409097 
3080.319152 80.282015 
3082.247968 80.117600 
3084.176784 79.950583 
3086.105600 79.823596 
3088.034416 79.649432 
3089.963232 79.525355 
3091.892048 79.447893 
3093.820864 79.337513 
3095.749680 79.153381 
3097.678496 78.959472 
3099.607312 78.860595 
3101.536128 78.756562 
3103.464944 78.579181 
3105.393760 78.442472 
3107.322576 78.426646 
3109.251392 78.441277 
3111.180208 78.358588 
3113.109024 78.205389 
3115.037840 78.095372 
3116.966656 78.101379 
3118.895472 78.079849 
3120.824288 77.955865 
3122.753104 77.998285 
3124.681920 77.943850 
3126.610736 77.850370 
3128.539552 77.852859 
3130.468368 77.880712 
3132.397184 78.010001 
3134.326000 78.039104 
3136.254816 77.925693 
3138.183632 77.976070 
3140.112448 78.034208 
3142.041264 78.019563 
3143.970080 78.087754 
3145.898896 78.246467 
3147.827712 78.407573 
3149.756528 78.476981 
3151.685344 78.592040 
3153.614160 78.716802 
3155.542976 78.811515 
3157.471792 78.908778 
3159.400608 78.989753 
3161.329424 79.062790 
3163.258240 79.206789 
3165.187056 79.280822 
3167.115872 79.359886 
3169.044688 79.605353 
3170.973504 79.766083 
3172.902320 79.942685 
3174.831136 80.141547 
3176.759952 80.269813 
3178.688768 80.372742 
3180.617584 80.338580 
3182.546400 80.366326 
3184.475216 80.498904 
3186.404032 80.695232 
3188.332848 80.864613 
3190.261664 81.014254 
3192.190480 81.221635 
3194.119296 81.316793 
3196.048112 81.293859 
3197.976928 81.418001 
3199.905744 81.533189 
3201.834560 81.534269 
3203.763376 81.582199 
3205.692192 81.632826 
3207.621008 81.623908 
3209.549824 81.831404 
3211.478640 81.900721 
3213.407456 81.928625 
3215.336272 81.998364 
3217.265088 81.935361 
3219.193904 81.977883 
3221.122720 82.022318 
3223.051536 82.035908 
3224.980352 81.921133 
3226.909168 81.853865 
3228.837984 82.046338 
3230.766800 82.182639 
3232.695616 82.292279 
3234.624432 82.327248 
3236.553248 82.365642 
3238.482064 82.371248 
3240.410880 82.279185 
3242.339696 82.174360 
3244.268512 82.404048 
3246.197328 82.522946 
3248.126144 82.415641 
3250.054960 82.468022 
3251.983776 82.552444 
3253.912592 82.661738 
3255.841408 82.790934 
3257.770224 82.819136 
3259.699040 82.754606 
3261.627856 82.817757 
3263.556672 82.956409 
3265.485488 83.007360 
3267.414304 83.062597 
3269.343120 83.103895 
3271.271936 83.159318 
3273.200752 83.309581 
3275.129568 83.506425 
3277.058384 83.657008 
3278.987200 83.670103 
3280.916016 83.797416 
3282.844832 84.002902 
3284.773648 84.210125 
3286.702464 84.437928 
3288.631280 84.646843 
3290.560096 84.881023 
3292.488912 85.350645 
3294.417728 85.782695 
3296.346544 86.105082 
3298.275360 86.434035 
3300.204176 86.788337 
3302.132992 87.202984 
3304.061808 87.669389 
3305.990624 88.069368 
3307.919440 88.538346 
3309.848256 89.127739 
3311.777072 89.588893 
3313.705888 90.110944 
3315.634704 90.547587 
3317.563520 90.812102 
3319.492336 91.147259 
3321.421152 91.553903 
3323.349968 91.891067 
3325.278784 92.378890 
3327.207600 92.800131 
3329.136416 93.092033 
3331.065232 93.325883 
3332.994048 93.579487 
3334.922864 93.953478 
3336.851680 94.310909 
3338.780496 94.524418 
3340.709312 94.661894 
3342.638128 94.927490 
3344.566944 95.282603 
3346.495760 95.509905 
3348.424576 95.618907 
3350.353392 95.793626 
3352.282208 96.030834 
3354.211024 96.310879 
3356.139840 96.421043 
3358.068656 96.482221 
3359.997472 96.569054 
3361.926288 96.633160 
3363.855104 96.768603 
3365.783920 96.938623 
3367.712736 97.145968 
3369.641552 97.217333 
3371.570368 97.296069 
3373.499184 97.363151 
3375.428000 97.316396 
3377.356816 97.386281 
3379.285632 97.532882 
3381.214448 97.572237 
3383.143264 97.532661 
3385.072080 97.470299 
3387.000896 97.519286 
3388.929712 97.649788 
3390.858528 97.820227 
3392.787344 97.879144 
3394.716160 97.789569 
3396.644976 97.869076 
3398.573792 98.045239 
3400.502608 97.985328 
3402.431424 97.914049 
3404.360240 97.805473 
3406.289056 97.760114 
3408.217872 97.839927 
3410.146688 97.903124 
3412.075504 97.984934 
3414.004320 98.134721 
3415.933136 98.169057 
3417.861952 98.056108 
3419.790768 98.026080 
3421.719584 98.075867 
3423.648400 98.233575 
3425.577216 98.293080 
3427.506032 98.198257 
3429.434848 98.094281 
3431.363664 98.150774 
3433.292480 98.218898 
3435.221296 98.189852 
3437.150112 98.166051 
3439.078928 98.069826 
3441.007744 98.075110 
3442.936560 98.169099 
3444.865376 98.074831 
3446.794192 97.932360 
3448.723008 98.060833 
3450.651824 98.172130 
3452.580640 98.246624 
3454.509456 98.280280 
3456.438272 98.261468 
3458.367088 98.162732 
3460.295904 98.136434 
3462.224720 98.314741 
3464.153536 98.349915 
3466.082352 98.174890 
3468.011168 98.010208 
3469.939984 97.921808 
3471.868800 97.992281 
3473.797616 98.072274 
3475.726432 98.180417 
3477.655248 98.151503 
3479.584064 98.153705 
3481.512880 98.166881 
3483.441696 98.157455 
3485.370512 98.072845 
3487.299328 98.067424 
3489.228144 98.165229 
3491.156960 98.018503 
3493.085776 97.764303 
3495.014592 97.739009 
3496.943408 97.984483 
3498.872224 98.069889 
3500.801040 97.779125 
3502.729856 97.658980 
3504.658672 97.760577 
3506.587488 97.791705 
3508.516304 97.761276 
3510.445120 97.756691 
3512.373936 97.850148 
3514.302752 97.976909 
3516.231568 97.992444 
3518.160384 98.002520 
3520.089200 97.851759 
3522.018016 97.547589 
3523.946832 97.413657 
3525.875648 97.484197 
3527.804464 97.691701 
3529.733280 97.707857 
3531.662096 97.623602 
3533.590912 97.651905 
3535.519728 97.581037 
3537.448544 97.700131 
3539.377360 97.794576 
3541.306176 97.548935 
3543.234992 97.169909 
3545.163808 96.960873 
3547.092624 97.315488 
3549.021440 97.505527 
3550.950256 97.380669 
3552.879072 97.349438 
3554.807888 97.383811 
3556.736704 97.270126 
3558.665520 97.124018 
3560.594336 97.075708 
3562.523152 96.998880 
3564.451968 96.851735 
3566.380784 96.811947 
3568.309600 97.043594 
3570.238416 97.121758 
3572.167232 97.248839 
3574.096048 97.339902 
3576.024864 97.368289 
3577.953680 97.355354 
3579.882496 97.289146 
3581.811312 97.162436 
3583.740128 96.964994 
3585.668944 96.723591 
3587.597760 96.874762 
3589.526576 97.064192 
3591.455392 96.806934 
3593.384208 96.657961 
3595.313024 96.867242 
3597.241840 96.936959 
3599.170656 96.677586 
3601.099472 96.703935 
3603.028288 96.853326 
3604.957104 96.612556 
3606.885920 96.358188 
3608.814736 96.510886 
3610.743552 96.463929 
3612.672368 96.286897 
3614.601184 96.382429 
3616.530000 96.380621 
3618.458816 96.559657 
3620.387632 96.773916 
3622.316448 96.702910 
3624.245264 96.658445 
3626.174080 96.298280 
3628.102896 96.232386 
3630.031712 97.186273 
3631.960528 96.829499 
3633.889344 96.643527 
3635.818160 96.632468 
3637.746976 96.473980 
3639.675792 96.368690 
3641.604608 96.160696 
3643.533424 95.931828 
3645.462240 95.574669 
3647.391056 95.408927 
3649.319872 95.688743 
3651.248688 96.356598 
3653.177504 96.168398 
3655.106320 96.025993 
3657.035136 96.473869 
3658.963952 96.377979 
3660.892768 96.286442 
3662.821584 96.168860 
3664.750400 96.045647 
3666.679216 95.720087 
3668.608032 95.275228 
3670.536848 95.796905 
3672.465664 95.761536 
3674.394480 95.621269 
3676.323296 96.578324 
3678.252112 96.421425 
3680.180928 96.371335 
3682.109744 96.276927 
3684.038560 96.144727 
3685.967376 96.062003 
3687.896192 96.345856 
3689.825008 96.732399 
3691.753824 96.667819 
3693.682640 96.410094 
3695.611456 96.359384 
3697.540272 96.393964 
3699.469088 96.226335 
3701.397904 96.261939 
3703.326720 96.324768 
3705.255536 96.054829 
3707.184352 95.924042 
3709.113168 95.877398 
3711.041984 96.174811 
3712.970800 96.683862 
3714.899616 96.456243 
3716.828432 96.122836 
3718.757248 96.009993 
3720.686064 95.827030 
3722.614880 95.743532 
3724.543696 95.697117 
3726.472512 95.610630 
3728.401328 95.493350 
3730.330144 95.293580 
3732.258960 95.384087 
3734.187776 95.385003 
3736.116592 95.766724 
3738.045408 95.738457 
3739.974224 95.536491 
3741.903040 95.164440 
3743.831856 95.273420 
3745.760672 95.998747 
3747.689488 95.359159 
3749.618304 95.514908 
3751.547120 96.220716 
3753.475936 96.294394 
3755.404752 95.882144 
3757.333568 95.764725 
3759.262384 96.012161 
3761.191200 96.179481 
3763.120016 95.721762 
3765.048832 95.780277 
3766.977648 96.056913 
3768.906464 96.110052 
3770.835280 96.491410 
3772.764096 96.233868 
3774.692912 96.115630 
3776.621728 96.003245 
3778.550544 95.872982 
3780.479360 96.128415 
3782.408176 96.013630 
3784.336992 96.010648 
3786.265808 96.134420 
3788.194624 96.115344 
3790.123440 95.982283 
3792.052256 95.755298 
3793.981072 95.322141 
3795.909888 95.248524 
3797.838704 95.226726 
3799.767520 94.869106 
3801.696336 95.619366 
3803.625152 95.964754 
3805.553968 95.689138 
3807.482784 96.103855 
3809.411600 95.900968 
3811.340416 95.706143 
3813.269232 95.364416 
3815.198048 95.183393 
3817.126864 95.601422 
3819.055680 95.181737 
3820.984496 95.632196 
3822.913312 96.001137 
3824.842128 95.501107 
3826.770944 95.608667 
3828.699760 95.578514 
3830.628576 95.233332 
3832.557392 95.114009 
3834.486208 95.127047 
3836.415024 95.180801 
3838.343840 95.513740 
3840.272656 95.632410 
3842.201472 95.487408 
3844.130288 95.479867 
3846.059104 95.284730 
3847.987920 95.028707 
3849.916736 94.954205 
3851.845552 94.741125 
3853.774368 95.691960 
3855.703184 95.773423 
3857.632000 95.477765 
3859.560816 95.353092 
3861.489632 95.014452 
3863.418448 94.669478 
3865.347264 95.255905 
3867.276080 95.197653 
3869.204896 95.151731 
3871.133712 95.568938 
3873.062528 95.125012 
3874.991344 95.539551 
3876.920160 95.437028 
3878.848976 95.145179 
3880.777792 95.508096 
3882.706608 95.353854 
3884.635424 94.981515 
3886.564240 95.597404 
3888.493056 95.465444 
3890.421872 95.209402 
3892.350688 95.362861 
3894.279504 95.282927 
3896.208320 94.947530 
3898.137136 94.747095 
3900.065952 95.087343 
3901.994768 95.249419 
3903.923584 95.303980 
3905.852400 95.652441 
3907.781216 95.700318 
3909.710032 95.480079 
3911.638848 95.430273 
3913.567664 95.399910 
3915.496480 95.152692 
3917.425296 95.228204 
3919.354112 95.331305 
3921.282928 95.275871 
3923.211744 95.215226 
3925.140560 95.353169 
3927.069376 95.353427 
3928.998192 95.232282 
3930.927008 95.306948 
3932.855824 95.407717 
3934.784640 95.360377 
3936.713456 95.241502 
3938.642272 95.230650 
3940.571088 95.130135 
3942.499904 95.114245 
3944.428720 95.271194 
3946.357536 95.154040 
3948.286352 95.149141 
3950.215168 95.317119 
3952.143984 95.453174 
3954.072800 95.405385 
3956.001616 95.290767 
3957.930432 95.212118 
3959.859248 95.213137 
3961.788064 95.264573 
3963.716880 95.414560 
3965.645696 95.524413 
3967.574512 95.489585 
3969.503328 95.455783 
3971.432144 95.370116 
3973.360960 95.391227 
3975.289776 95.430464 
3977.218592 95.388394 
3979.147408 95.344838 
3981.076224 95.360776 
3983.005040 95.378963 
3984.933856 95.321018 
3986.862672 95.231295 
3988.791488 95.181931 
3990.720304 95.255363 
3992.649120 95.303715 
3994.577936 95.233432 
3996.506752 95.250958 
3998.435568 95.266836 
4000.364384 95.261861 