##YUNITS=%T
399.264912 92.308295 
401.193728 92.494744 
403.122544 92.023887 
405.051360 91.236737 
406.980176 91.624148 
408.908992 92.295356 
410.837808 92.551436 
412.766624 91.925813 
414.695440 91.616815 
416.624256 91.976664 
418.553072 90.196642 
420.481888 87.807660 
422.410704 87.669010 
424.339520 87.454502 
426.268336 87.145618 
428.197152 85.508086 
430.125968 85.700767 
432.054784 87.744248 
433.983600 88.683663 
435.912416 87.824094 
437.841232 86.783407 
439.770048 87.854418 
441.698864 89.539775 
443.627680 88.799131 
445.556496 86.334712 
447.485312 86.600792 
449.414128 88.721126 
451.342944 89.575166 
453.271760 89.440691 
455.200576 87.627468 
457.129392 86.966307 
459.058208 86.762311 
460.987024 86.969521 
462.915840 87.046912 
464.844656 86.181594 
466.773472 86.595336 
468.702288 86.057567 
470.631104 84.975324 
472.559920 84.777356 
474.488736 84.575194 
476.417552 85.029340 
478.346368 85.298812 
480.275184 85.206030 
482.204000 84.928627 
484.132816 85.435449 
486.061632 85.151512 
487.990448 83.196057 
489.919264 82.678138 
491.848080 82.403739 
493.776896 80.930109 
495.705712 80.594183 
497.634528 80.747128 
499.563344 80.374552 
501.492160 80.194319 
503.420976 81.226252 
505.349792 81.559989 
507.278608 82.023848 
509.207424 83.019114 
511.136240 83.375697 
513.065056 82.754329 
514.993872 82.816812 
516.922688 83.207029 
518.851504 83.536648 
520.780320 83.646233 
522.709136 83.265853 
524.637952 82.745857 
526.566768 82.967600 
528.495584 82.023659 
530.424400 81.706060 
532.353216 82.278900 
534.282032 82.438185 
536.210848 82.782787 
538.139664 82.777274 
540.068480 82.384531 
541.997296 82.730626 
543.926112 82.712581 
545.854928 81.849228 
547.783744 81.784535 
549.712560 81.388172 
551.641376 80.868612 
553.570192 81.362707 
555.499008 81.500478 
557.427824 80.970264 
559.356640 80.458851 
561.285456 80.215105 
563.214272 80.057909 
565.143088 80.375840 
567.071904 80.008225 
569.000720 79.905454 
570.929536 79.932973 
572.858352 79.737460 
574.787168 79.225399 
576.715984 79.183162 
578.644800 79.003217 
580.573616 79.033231 
582.502432 78.449029 
584.431248 78.056079 
586.360064 78.009256 
588.288880 77.889141 
590.217696 78.073271 
592.146512 77.992273 
594.075328 78.060885 
596.004144 77.554852 
597.932960 77.462973 
599.861776 77.375605 
601.790592 77.216996 
603.719408 77.100148 
605.648224 76.978823 
607.577040 76.875730 
609.505856 76.811178 
611.434672 76.644624 
613.363488 76.512850 
615.292304 76.529926 
617.221120 76.613321 
619.149936 76.325012 
621.078752 76.359344 
623.007568 76.376583 
624.936384 76.129706 
626.865200 76.045518 
628.794016 76.222589 
630.722832 76.349268 
632.651648 76.312950 
634.580464 76.481881 
636.509280 76.538773 
638.438096 76.393403 
640.366912 76.650975 
642.295728 76.589547 
644.224544 76.268614 
646.153360 75.954291 
648.082176 75.986621 
650.010992 76.130521 
651.939808 76.157487 
653.868624 75.808716 
655.797440 75.768857 
657.726256 75.986893 
659.655072 76.247259 
661.583888 76.090185 
663.512704 75.823398 
665.441520 74.885561 
667.370336 75.093911 
669.299152 76.761235 
671.227968 75.945759 
673.156784 75.517438 
675.085600 75.660742 
677.014416 75.591748 
678.943232 75.546195 
680.872048 75.633341 
682.800864 75.498358 
684.729680 75.315940 
686.658496 74.967142 
688.587312 74.790154 
690.516128 74.880088 
692.444944 74.829516 
694.373760 74.802838 
696.302576 74.854682 
698.231392 74.629252 
700.160208 74.432373 
702.089024 74.386226 
704.017840 74.203905 
705.946656 74.096610 
707.875472 73.895145 
709.804288 73.526033 
711.733104 73.301912 
713.661920 72.911979 
715.590736 72.710831 
717.519552 72.712222 
719.448368 72.622332 
721.377184 72.377805 
723.306000 71.921617 
725.234816 71.662591 
727.163632 71.574836 
729.092448 71.722952 
731.021264 71.736345 
732.950080 71.760800 
734.878896 71.832326 
736.807712 71.826460 
738.736528 71.818591 
740.665344 71.842592 
742.594160 71.819070 
744.522976 71.855468 
746.451792 71.830945 
748.380608 71.639568 
750.309424 71.439609 
752.238240 71.242648 
754.167056 70.984191 
756.095872 70.715487 
758.024688 70.639615 
759.953504 70.584574 
761.882320 70.279637 
763.811136 69.978180 
765.739952 69.580679 
767.668768 69.244462 
769.597584 68.985056 
771.526400 68.595194 
773.455216 67.944817 
775.384032 67.403584 
777.312848 67.207106 
779.241664 66.918187 
781.170480 66.475167 
783.099296 65.946645 
785.028112 65.477703 
786.956928 64.929819 
788.885744 64.193386 
790.814560 63.417015 
792.743376 62.733064 
794.672192 61.989063 
796.601008 61.182058 
798.529824 60.413218 
800.458640 59.614761 
802.387456 59.036842 
804.316272 58.639882 
806.245088 58.172572 
808.173904 57.397399 
810.102720 56.499787 
812.031536 55.672255 
813.960352 54.881595 
815.889168 54.212698 
817.817984 53.335527 
819.746800 52.295690 
821.675616 51.444916 
823.604432 50.496216 
825.533248 49.430796 
827.462064 48.655947 
829.390880 47.882482 
831.319696 47.120587 
833.248512 46.678771 
835.177328 46.588360 
837.106144 46.658404 
839.034960 46.906841 
840.963776 47.515730 
842.892592 48.281156 
844.821408 49.179448 
846.750224 49.959241 
848.679040 50.703695 
850.607856 51.451546 
852.536672 52.410803 
854.465488 53.919624 
856.394304 55.927795 
858.323120 58.117346 
860.251936 60.343162 
862.180752 62.449458 
864.109568 64.381381 
866.038384 65.921405 
867.967200 67.229105 
869.896016 68.296968 
871.824832 68.823834 
873.753648 69.160812 
875.682464 69.114114 
877.611280 68.945047 
879.540096 69.427972 
881.468912 70.711655 
883.397728 72.717296 
885.326544 74.986317 
887.255360 77.025461 
889.184176 78.768776 
891.112992 80.151101 
893.041808 81.135644 
894.970624 81.864727 
896.899440 82.418129 
898.828256 82.986842 
900.757072 83.600020 
902.685888 83.895427 
904.614704 84.161867 
906.543520 84.480818 
908.472336 84.660872 
910.401152 84.798149 
912.329968 84.891604 
914.258784 84.863801 
916.187600 84.882826 
918.116416 84.991015 
920.045232 85.111952 
921.974048 85.188025 
923.902864 85.281489 
925.831680 85.154787 
927.760496 84.998690 
929.689312 84.923638 
931.618128 84.835640 
933.546944 84.649889 
935.475760 84.463301 
937.404576 84.358628 
939.333392 84.308272 
941.262208 84.247391 
943.191024 84.036172 
945.119840 83.829074 
947.048656 83.671065 
948.977472 83.448948 
950.906288 83.162763 
952.835104 82.906888 
954.763920 82.795754 
956.692736 82.550745 
958.621552 82.285202 
960.550368 82.047930 
962.479184 81.884419 
964.408000 81.713671 
966.336816 81.497016 
968.265632 81.186126 
970.194448 80.750684 
972.123264 80.262663 
974.052080 79.920571 
975.980896 79.580281 
977.909712 79.197711 
979.838528 78.748325 
981.767344 78.303236 
983.696160 77.906024 
985.624976 77.480366 
987.553792 76.967288 
989.482608 76.368550 
991.411424 75.701684 
993.340240 74.984449 
995.269056 74.307121 
997.197872 73.616732 
999.126688 72.920471 
1001.055504 72.351037 
1002.984320 71.726396 
1004.913136 70.898762 
1006.841952 69.933229 
1008.770768 68.909271 
1010.699584 67.803869 
1012.628400 66.627189 
1014.557216 65.307298 
1016.486032 63.979893 
1018.414848 62.703013 
1020.343664 61.372759 
1022.272480 59.937001 
1024.201296 58.447778 
1026.130112 56.769645 
1028.058928 54.803982 
1029.987744 52.645306 
1031.916560 50.335867 
1033.845376 48.025376 
1035.774192 45.724913 
1037.703008 43.631146 
1039.631824 41.819243 
1041.560640 40.426541 
1043.489456 39.430222 
1045.418272 38.942558 
1047.347088 38.975321 
1049.275904 39.487823 
1051.204720 40.326508 
1053.133536 41.337480 
1055.062352 42.365037 
1056.991168 43.305631 
1058.919984 44.015534 
1060.848800 44.724732 
1062.777616 45.543251 
1064.706432 46.593133 
1066.635248 47.787893 
1068.564064 49.028575 
1070.492880 50.351956 
1072.421696 51.768698 
1074.350512 53.140050 
1076.279328 54.660284 
1078.208144 56.505283 
1080.136960 58.664211 
1082.065776 61.098145 
1083.994592 63.732905 
1085.923408 66.292587 
1087.852224 68.709402 
1089.781040 71.025683 
1091.709856 73.268389 
1093.638672 75.546383 
1095.567488 77.860561 
1097.496304 80.112295 
1099.425120 82.193120 
1101.353936 83.897365 
1103.282752 85.297749 
1105.211568 86.362850 
1107.140384 87.156691 
1109.069200 87.809521 
1110.998016 88.132986 
1112.926832 88.429723 
1114.855648 88.692243 
1116.784464 88.903398 
1118.713280 88.994072 
1120.642096 89.107810 
1122.570912 89.148091 
1124.499728 89.106120 
1126.428544 89.137690 
1128.357360 89.222900 
1130.286176 89.236017 
1132.214992 89.082297 
1134.143808 88.900546 
1136.072624 88.787062 
1138.001440 88.752039 
1139.930256 88.739814 
1141.859072 88.858419 
1143.787888 88.913385 
1145.716704 88.815344 
1147.645520 88.822717 
1149.574336 88.761852 
1151.503152 88.567460 
1153.431968 88.524074 
1155.360784 88.594058 
1157.289600 88.579398 
1159.218416 88.625387 
1161.147232 88.750315 
1163.076048 88.917373 
1165.004864 89.007408 
1166.933680 88.931138 
1168.862496 88.942150 
1170.791312 89.052012 
1172.720128 89.066558 
1174.648944 89.024645 
1176.577760 88.944253 
1178.506576 88.936194 
1180.435392 88.863929 
1182.364208 88.817195 
1184.293024 88.801225 
1186.221840 88.727707 
1188.150656 88.541172 
1190.079472 88.333193 
1192.008288 88.172527 
1193.937104 87.957277 
1195.865920 87.682154 
1197.794736 87.447687 
1199.723552 87.268675 
1201.652368 87.096708 
1203.581184 86.886396 
1205.510000 86.673632 
1207.438816 86.478216 
1209.367632 86.176465 
1211.296448 85.729526 
1213.225264 85.363583 
1215.154080 85.027366 
1217.082896 84.692624 
1219.011712 84.398593 
1220.940528 84.233432 
1222.869344 84.153740 
1224.798160 84.138483 
1226.726976 84.170671 
1228.655792 84.218945 
1230.584608 84.333279 
1232.513424 84.477300 
1234.442240 84.640056 
1236.371056 84.866942 
1238.299872 85.167127 
1240.228688 85.453676 
1242.157504 85.701976 
1244.086320 85.897141 
1246.015136 85.948447 
1247.943952 85.904097 
1249.872768 85.800706 
1251.801584 85.602833 
1253.730400 85.313520 
1255.659216 84.941113 
1257.588032 84.458515 
1259.516848 84.038281 
1261.445664 83.714285 
1263.374480 83.245972 
1265.303296 82.684371 
1267.232112 82.083450 
1269.160928 81.310162 
1271.089744 80.529909 
1273.018560 79.691939 
1274.947376 78.804442 
1276.876192 77.906840 
1278.805008 76.967456 
1280.733824 75.977412 
1282.662640 74.844351 
1284.591456 73.497197 
1286.520272 72.004912 
1288.449088 70.434867 
1290.377904 68.783620 
1292.306720 67.322428 
1294.235536 66.206385 
1296.164352 65.249628 
1298.093168 64.003590 
1300.021984 62.533609 
1301.950800 61.033218 
1303.879616 59.361600 
1305.808432 57.475965 
1307.737248 55.493512 
1309.666064 53.315902 
1311.594880 51.573147 
1313.523696 50.842424 
1315.452512 50.857234 
1317.381328 52.321793 
1319.310144 55.175212 
1321.238960 57.995147 
1323.167776 60.594416 
1325.096592 63.173148 
1327.025408 65.648216 
1328.954224 68.508513 
1330.883040 71.605057 
1332.811856 74.411607 
1334.740672 76.597816 
1336.669488 78.379685 
1338.598304 80.164804 
1340.527120 81.751570 
1342.455936 82.461645 
1344.384752 83.037713 
1346.313568 83.464096 
1348.242384 83.609355 
1350.171200 83.370765 
1352.100016 82.827448 
1354.028832 82.326366 
1355.957648 82.111189 
1357.886464 82.104459 
1359.815280 82.397531 
1361.744096 83.311693 
1363.672912 84.250833 
1365.601728 84.214479 
1367.530544 84.118935 
1369.459360 83.909175 
1371.388176 83.325278 
1373.316992 83.069116 
1375.245808 83.024547 
1377.174624 82.607968 
1379.103440 82.509955 
1381.032256 82.528088 
1382.961072 82.670137 
1384.889888 82.880712 
1386.818704 83.648215 
1388.747520 84.208788 
1390.676336 83.995798 
1392.605152 83.688417 
1394.533968 83.867798 
1396.462784 83.712770 
1398.391600 83.574856 
1400.320416 83.383849 
1402.249232 82.556061 
1404.178048 82.359136 
1406.106864 82.225487 
1408.035680 81.637429 
1409.964496 81.147585 
1411.893312 80.647330 
1413.822128 79.727522 
1415.750944 78.629337 
1417.679760 78.295386 
1419.608576 78.759625 
1421.537392 77.204480 
1423.466208 76.400391 
1425.395024 75.541307 
1427.323840 73.934915 
1429.252656 72.932384 
1431.181472 71.326389 
1433.110288 68.384059 
1435.039104 66.336100 
1436.967920 66.426906 
1438.896736 63.753842 
1440.825552 61.270503 
1442.754368 59.809085 
1444.683184 58.351730 
1446.612000 58.441568 
1448.540816 59.970371 
1450.469632 60.590368 
1452.398448 61.820569 
1454.327264 63.272993 
1456.256080 68.801061 
1458.184896 77.507953 
1460.113712 79.113878 
1462.042528 80.017445 
1463.971344 82.383639 
1465.900160 84.807702 
1467.828976 85.235089 
1469.757792 85.204450 
1471.686608 86.051244 
1473.615424 87.041262 
1475.544240 86.937225 
1477.473056 86.643233 
1479.401872 86.203551 
1481.330688 86.106725 
1483.259504 85.879088 
1485.188320 85.464199 
1487.117136 85.511169 
1489.045952 86.055679 
1490.974768 86.413159 
1492.903584 85.409398 
1494.832400 84.918502 
1496.761216 85.307001 
1498.690032 85.346171 
1500.618848 84.734463 
1502.547664 83.640929 
1504.476480 82.593053 
1506.405296 84.373951 
1508.334112 85.355281 
1510.262928 83.879108 
1512.191744 82.993957 
1514.120560 82.079263 
1516.049376 81.904369 
1517.978192 81.678220 
1519.907008 80.877921 
1521.835824 81.969476 
1523.764640 80.894821 
1525.693456 80.535346 
1527.622272 80.496422 
1529.551088 79.544778 
1531.479904 78.608480 
1533.408720 79.824201 
1535.337536 78.502122 
1537.266352 76.207741 
1539.195168 77.178258 
1541.123984 79.635572 
1543.052800 78.726062 
1544.981616 78.503770 
1546.910432 77.081046 
1548.839248 76.631738 
1550.768064 77.011327 
1552.696880 76.233890 
1554.625696 75.715449 
1556.554512 74.334622 
1558.483328 78.589390 
1560.412144 80.321294 
1562.340960 76.790542 
1564.269776 76.131328 
1566.198592 75.889720 
1568.127408 76.002226 
1570.056224 77.941856 
1571.985040 76.629281 
1573.913856 75.315494 
1575.842672 77.287766 
1577.771488 78.014461 
1579.700304 76.552578 
1581.629120 76.228467 
1583.557936 76.227930 
1585.486752 76.298687 
1587.415568 76.322817 
1589.344384 76.485100 
1591.273200 76.534786 
1593.202016 76.586567 
1595.130832 76.713154 
1597.059648 76.584798 
1598.988464 76.224589 
1600.917280 76.141734 
1602.846096 76.261303 
1604.774912 76.302471 
1606.703728 76.423673 
1608.632544 76.971405 
1610.561360 77.149960 
1612.490176 76.627387 
1614.418992 76.069069 
1616.347808 78.194611 
1618.276624 78.727877 
1620.205440 77.025061 
1622.134256 77.347774 
1624.063072 78.787223 
1625.991888 78.469155 
1627.920704 79.188993 
1629.849520 79.272668 
1631.778336 78.298835 
1633.707152 78.082515 
1635.635968 81.153040 
1637.564784 81.824996 
1639.493600 80.641926 
1641.422416 80.141242 
1643.351232 79.517980 
1645.280048 80.252571 
1647.208864 83.047394 
1649.137680 81.735861 
1651.066496 80.287129 
1652.995312 84.742348 
1654.924128 85.479520 
1656.852944 83.488512 
1658.781760 82.808047 
1660.710576 82.901725 
1662.639392 84.166895 
1664.568208 84.213713 
1666.497024 83.414330 
1668.425840 84.158230 
1670.354656 85.686325 
1672.283472 85.301152 
1674.212288 85.523816 
1676.141104 86.528243 
1678.069920 85.919060 
1679.998736 85.625536 
1681.927552 85.460916 
1683.856368 87.486229 
1685.785184 88.258284 
1687.714000 87.542738 
1689.642816 87.882900 
1691.571632 87.762829 
1693.500448 87.429012 
1695.429264 88.198120 
1697.358080 88.574937 
1699.286896 88.868722 
1701.215712 89.990200 
1703.144528 89.102744 
1705.073344 89.486979 
1707.002160 89.987857 
1708.930976 89.969485 
1710.859792 89.967672 
1712.788608 89.853385 
1714.717424 89.987485 
1716.646240 90.711100 
1718.575056 91.412394 
1720.503872 90.926883 
1722.432688 90.728784 
1724.361504 90.992848 
1726.290320 91.038146 
1728.219136 91.058102 
1730.147952 91.221100 
1732.076768 91.320624 
1734.005584 92.018694 
1735.934400 92.122660 
1737.863216 91.698958 
1739.792032 92.016444 
1741.720848 92.067034 
1743.649664 92.117893 
1745.578480 92.039424 
1747.507296 92.177113 
1749.436112 92.494151 
1751.364928 92.707153 
1753.293744 92.491446 
1755.222560 92.362342 
1757.151376 92.547457 
1759.080192 92.431996 
1761.009008 92.451954 
1762.937824 92.701020 
1764.866640 92.534370 
1766.795456 92.566294 
1768.724272 92.777040 
1770.653088 92.944197 
1772.581904 93.551078 
1774.510720 93.468510 
1776.439536 93.194014 
1778.368352 93.168384 
1780.297168 93.283050 
1782.225984 93.305027 
1784.154800 93.214179 
1786.083616 93.309531 
1788.012432 93.263390 
1789.941248 93.393406 
1791.870064 93.790466 
1793.798880 93.922763 
1795.727696 93.703085 
1797.656512 93.721990 
1799.585328 93.803093 
1801.514144 94.040353 
1803.442960 94.133479 
1805.371776 94.065902 
1807.300592 94.023520 
1809.229408 94.190459 
1811.158224 94.421504 
1813.087040 94.542948 
1815.015856 94.524857 
1816.944672 94.645804 
1818.873488 94.680136 
1820.802304 94.742353 
1822.731120 94.811844 
1824.659936 94.928339 
1826.588752 94.976936 
1828.517568 95.013928 
1830.446384 95.288489 
1832.375200 95.300917 
1834.304016 95.345890 
1836.232832 95.560126 
1838.161648 95.610460 
1840.090464 95.602629 
1842.019280 95.555607 
1843.948096 95.700553 
1845.876912 95.778797 
1847.805728 95.660417 
1849.734544 95.709330 
1851.663360 95.831988 
1853.592176 95.891820 
1855.520992 95.965072 
1857.449808 96.054827 
1859.378624 96.105325 
1861.307440 96.129345 
1863.236256 96.170948 
1865.165072 96.132447 
1867.093888 96.079343 
1869.022704 96.192028 
1870.951520 96.400734 
1872.880336 96.363857 
1874.809152 96.391843 
1876.737968 96.559268 
1878.666784 96.684410 
1880.595600 96.649460 
1882.524416 96.625126 
1884.453232 96.595154 
1886.382048 96.594572 
1888.310864 96.646740 
1890.239680 96.782072 
1892.168496 96.796844 
1894.097312 96.842853 
1896.026128 96.884265 
1897.954944 96.917984 
1899.883760 96.896149 
1901.812576 96.933552 
1903.741392 96.982589 
1905.670208 97.094517 
1907.599024 97.066697 
1909.527840 97.109149 
1911.456656 97.198426 
1913.385472 97.294718 
1915.314288 97.319913 
1917.243104 97.326180 
1919.171920 97.420716 
1921.100736 97.366736 
1923.029552 97.409135 
1924.958368 97.471201 
1926.887184 97.432203 
1928.816000 97.528533 
1930.744816 97.660426 
1932.673632 97.836929 
1934.602448 97.966865 
1936.531264 97.981993 
1938.460080 98.022831 
1940.388896 98.090597 
1942.317712 98.127208 
1944.246528 98.223742 
1946.175344 98.229985 
1948.104160 98.307273 
1950.032976 98.254893 
1951.961792 98.295497 
1953.890608 98.434441 
1955.819424 98.612128 
1957.748240 98.773918 
1959.677056 98.933814 
1961.605872 99.000431 
1963.534688 99.067083 
1965.463504 98.965634 
1967.392320 98.938221 
1969.321136 99.012363 
1971.249952 99.062647 
1973.178768 99.016402 
1975.107584 99.064253 
1977.036400 99.105162 
1978.965216 99.125760 
1980.894032 98.992362 
1982.822848 98.829807 
1984.751664 98.749640 
1986.680480 98.798419 
1988.609296 98.933199 
1990.538112 98.933655 
1992.466928 98.716026 
1994.395744 98.620316 
1996.324560 98.689158 
1998.253376 98.694771 
2000.182192 98.783944 
2002.111008 99.072819 
2004.039824 99.012296 
2005.968640 99.083926 
2007.897456 99.107535 
2009.826272 99.073277 
2011.755088 99.047027 
2013.683904 99.057884 
2015.612720 98.842123 
2017.541536 98.859793 
2019.470352 98.926224 
2021.399168 99.045762 
2023.327984 99.181569 
2025.256800 99.047796 
2027.185616 98.819672 
2029.114432 98.724697 
2031.043248 98.631417 
2032.972064 98.765955 
2034.900880 98.951355 
2036.829696 98.927376 
2038.758512 98.763978 
2040.687328 98.695433 
2042.616144 98.515020 
2044.544960 98.327538 
2046.473776 98.307759 
2048.402592 98.333486 
2050.331408 98.100646 
2052.260224 98.039307 
2054.189040 98.025421 
2056.117856 97.883886 
2058.046672 97.751488 
2059.975488 97.738148 
2061.904304 97.670296 
2063.833120 97.647194 
2065.761936 97.666091 
2067.690752 97.654687 
2069.619568 97.581530 
2071.548384 97.602608 
2073.477200 97.479201 
2075.406016 97.351754 
2077.334832 97.238584 
2079.263648 97.160980 
2081.192464 97.187125 
2083.121280 97.208748 
2085.050096 97.093738 
2086.978912 96.977283 
2088.907728 97.012510 
2090.836544 97.013624 
2092.765360 96.920227 
2094.694176 96.950771 
2096.622992 96.945117 
2098.551808 96.972714 
2100.480624 97.020870 
2102.409440 97.085483 
2104.338256 96.926341 
2106.267072 96.765895 
2108.195888 96.682623 
2110.124704 96.803572 
2112.053520 96.887117 
2113.982336 96.854321 
2115.911152 96.589366 
2117.839968 96.529814 
2119.768784 96.642425 
2121.697600 96.785683 
2123.626416 96.883454 
2125.555232 96.941988 
2127.484048 97.047379 
2129.412864 97.151838 
2131.341680 97.326899 
2133.270496 97.526110 
2135.199312 97.626784 
2137.128128 97.726477 
2139.056944 97.720777 
2140.985760 97.826426 
2142.914576 98.083258 
2144.843392 98.272506 
2146.772208 98.341256 
2148.701024 98.328240 
2150.629840 98.296404 
2152.558656 98.453166 
2154.487472 98.637020 
2156.416288 98.787023 
2158.345104 98.848655 
2160.273920 98.725408 
2162.202736 98.625036 
2164.131552 98.638113 
2166.060368 98.525163 
2167.989184 98.502939 
2169.918000 98.410241 
2171.846816 98.281114 
2173.775632 98.239703 
2175.704448 98.391239 
2177.633264 98.489469 
2179.562080 98.454298 
2181.490896 98.374899 
2183.419712 98.333641 
2185.348528 98.197788 
2187.277344 98.064910 
2189.206160 98.019916 
2191.134976 98.123971 
2193.063792 98.062711 
2194.992608 98.024320 
2196.921424 97.922782 
2198.850240 97.754057 
2200.779056 97.716791 
2202.707872 97.738169 
2204.636688 97.846441 
2206.565504 97.938722 
2208.494320 97.863385 
2210.423136 97.774101 
2212.351952 97.750754 
2214.280768 97.676190 
2216.209584 97.672776 
2218.138400 97.706762 
2220.067216 97.687103 
2221.996032 97.739268 
2223.924848 97.723586 
2225.853664 97.651254 
2227.782480 97.580589 
2229.711296 97.503480 
2231.640112 97.375032 
2233.568928 97.378664 
2235.497744 97.489274 
2237.426560 97.411318 
2239.355376 97.335753 
2241.284192 97.352213 
2243.213008 97.228856 
2245.141824 97.171234 
2247.070640 97.146835 
2248.999456 97.149852 
2250.928272 97.129151 
2252.857088 97.102193 
2254.785904 96.989547 
2256.714720 96.826156 
2258.643536 96.751926 
2260.572352 96.631096 
2262.501168 96.604019 
2264.429984 96.658465 
2266.358800 96.655950 
2268.287616 96.622015 
2270.216432 96.476714 
2272.145248 96.341255 
2274.074064 96.165847 
2276.002880 96.067394 
2277.931696 96.061253 
2279.860512 96.039665 
2281.789328 96.006396 
2283.718144 95.893280 
2285.646960 95.737943 
2287.575776 95.536868 
2289.504592 95.333217 
2291.433408 95.166961 
2293.362224 95.076331 
2295.291040 95.023762 
2297.219856 94.902503 
2299.148672 94.818985 
2301.077488 94.772495 
2303.006304 94.745531 
2304.935120 94.642097 
2306.863936 94.458087 
2308.792752 94.285845 
2310.721568 94.131138 
2312.650384 93.964138 
2314.579200 93.819194 
2316.508016 93.788151 
2318.436832 93.724121 
2320.365648 93.604388 
2322.294464 93.429957 
2324.223280 93.287032 
2326.152096 93.451826 
2328.080912 93.519599 
2330.009728 93.367730 
2331.938544 93.348014 
2333.867360 93.318465 
2335.796176 93.339718 
2337.724992 93.397765 
2339.653808 93.315464 
2341.582624 93.227879 
2343.511440 93.171663 
2345.440256 93.089011 
2347.369072 92.975903 
2349.297888 92.723178 
2351.226704 92.644412 
2353.155520 92.778157 
2355.084336 92.602982 
2357.013152 92.506701 
2358.941968 92.813041 
2360.870784 93.040661 
2362.799600 93.218175 
2364.728416 93.697214 
2366.657232 93.895389 
2368.586048 93.784055 
2370.514864 93.696485 
2372.443680 93.692250 
2374.372496 93.630151 
2376.301312 93.609467 
2378.230128 93.636414 
2380.158944 93.603027 
2382.087760 93.535446 
2384.016576 93.567634 
2385.945392 93.566587 
2387.874208 93.518000 
2389.803024 93.519283 
2391.731840 93.480977 
2393.660656 93.460080 
2395.589472 93.506391 
2397.518288 93.568772 
2399.447104 93.621937 
2401.375920 93.689799 
2403.304736 93.753290 
2405.233552 93.723443 
2407.162368 93.738632 
2409.091184 93.732835 
2411.020000 93.702681 
2412.948816 93.679149 
2414.877632 93.739458 
2416.806448 93.798681 
2418.735264 93.853130 
2420.664080 93.904006 
2422.592896 93.920325 
2424.521712 93.904493 
2426.450528 93.911849 
2428.379344 93.841800 
2430.308160 93.787379 
2432.236976 93.846714 
2434.165792 93.959939 
2436.094608 93.892838 
2438.023424 93.872632 
2439.952240 93.974732 
2441.881056 94.040638 
2443.809872 94.002319 
2445.738688 93.927004 
2447.667504 93.913703 
2449.596320 93.889391 
2451.525136 93.881229 
2453.453952 93.840792 
2455.382768 93.684909 
2457.311584 93.668928 
2459.240400 93.797757 
2461.169216 93.830622 
2463.098032 93.814867 
2465.026848 93.827685 
2466.955664 93.860526 
2468.884480 93.805385 
2470.813296 93.825115 
2472.742112 93.842373 
2474.670928 93.780954 
2476.599744 93.737249 
2478.528560 93.838906 
2480.457376 93.946817 
2482.386192 93.936278 
2484.315008 93.958412 
2486.243824 94.027798 
2488.172640 93.970434 
2490.101456 93.834022 
2492.030272 93.829424 
2493.959088 93.817522 
2495.887904 93.762654 
2497.816720 93.688998 
2499.745536 93.740324 
2501.674352 93.772889 
2503.603168 93.744656 
2505.531984 93.804542 
2507.460800 93.799120 
2509.389616 93.692356 
2511.318432 93.611063 
2513.247248 93.489621 
2515.176064 93.405880 
2517.104880 93.350941 
2519.033696 93.397555 
2520.962512 93.476184 
2522.891328 93.488618 
2524.820144 93.474075 
2526.748960 93.552503 
2528.677776 93.563432 
2530.606592 93.548734 
2532.535408 93.610630 
2534.464224 93.631817 
2536.393040 93.559566 
2538.321856 93.526497 
2540.250672 93.610436 
2542.179488 93.644671 
2544.108304 93.566971 
2546.037120 93.517440 
2547.965936 93.474396 
2549.894752 93.488957 
2551.823568 93.415245 
2553.752384 93.393363 
2555.681200 93.293952 
2557.610016 93.266208 
2559.538832 93.325929 
2561.467648 93.287690 
2563.396464 93.194761 
2565.325280 93.130656 
2567.254096 93.031715 
2569.182912 92.977542 
2571.111728 92.971028 
2573.040544 92.859792 
2574.969360 92.741185 
2576.898176 92.665575 
2578.826992 92.529712 
2580.755808 92.461796 
2582.684624 92.509134 
2584.613440 92.501202 
2586.542256 92.394760 
2588.471072 92.345119 
2590.399888 92.313709 
2592.328704 92.180765 
2594.257520 92.078183 
2596.186336 92.064309 
2598.115152 91.999344 
2600.043968 91.947172 
2601.972784 92.050122 
2603.901600 92.164366 
2605.830416 92.128385 
2607.759232 92.083142 
2609.688048 91.970565 
2611.616864 91.832881 
2613.545680 91.736804 
2615.474496 91.715056 
2617.403312 91.665030 
2619.332128 91.600874 
2621.260944 91.615517 
2623.189760 91.623683 
2625.118576 91.535781 
2627.047392 91.458564 
2628.976208 91.412591 
2630.905024 91.361704 
2632.833840 91.234802 
2634.762656 91.146863 
2636.691472 91.143855 
2638.620288 91.110162 
2640.549104 91.016734 
2642.477920 90.887725 
2644.406736 90.812388 
2646.335552 90.745587 
2648.264368 90.664682 
2650.193184 90.485992 
2652.122000 90.351330 
2654.050816 90.279588 
2655.979632 90.212581 
2657.908448 90.103048 
2659.837264 90.008713 
2661.766080 89.962752 
2663.694896 89.967489 
2665.623712 89.969289 
2667.552528 89.910519 
2669.481344 89.902740 
2671.410160 89.896426 
2673.338976 89.862257 
2675.267792 89.846829 
2677.196608 89.876722 
2679.125424 89.869975 
2681.054240 89.856564 
2682.983056 89.868821 
2684.911872 89.896576 
2686.840688 89.865081 
2688.769504 89.830253 
2690.698320 89.884126 
2692.627136 89.954052 
2694.555952 89.921777 
2696.484768 89.871895 
2698.413584 89.797274 
2700.342400 89.779012 
2702.271216 89.806587 
2704.200032 89.879710 
2706.128848 89.899209 
2708.057664 89.891386 
2709.986480 89.859354 
2711.915296 89.807048 
2713.844112 89.801818 
2715.772928 89.805467 
2717.701744 89.771603 
2719.630560 89.753776 
2721.559376 89.715901 
2723.488192 89.731877 
2725.417008 89.766344 
2727.345824 89.820079 
2729.274640 89.790142 
2731.203456 89.722483 
2733.132272 89.689699 
2735.061088 89.630713 
2736.989904 89.507247 
2738.918720 89.477596 
2740.847536 89.529276 
2742.776352 89.615691 
2744.705168 89.642556 
2746.633984 89.654539 
2748.562800 89.625457 
2750.491616 89.506317 
2752.420432 89.406038 
2754.349248 89.412131 
2756.278064 89.452200 
2758.206880 89.457987 
2760.135696 89.399866 
2762.064512 89.350900 
2763.993328 89.372426 
2765.922144 89.397997 
2767.850960 89.416806 
2769.779776 89.427748 
2771.708592 89.405995 
2773.637408 89.318925 
2775.566224 89.208474 
2777.495040 89.154332 
2779.423856 89.088411 
2781.352672 89.026684 
2783.281488 89.029259 
2785.210304 89.058322 
2787.139120 89.035735 
2789.067936 89.000586 
2790.996752 88.982462 
2792.925568 88.851736 
2794.854384 88.712435 
2796.783200 88.627429 
2798.712016 88.512849 
2800.640832 88.392788 
2802.569648 88.313147 
2804.498464 88.292622 
2806.427280 88.238520 
2808.356096 88.127329 
2810.284912 88.020414 
2812.213728 87.894840 
2814.142544 87.789901 
2816.071360 87.779901 
2818.000176 87.685989 
2819.928992 87.572610 
2821.857808 87.457673 
2823.786624 87.393204 
2825.715440 87.304246 
2827.644256 87.262646 
2829.573072 87.130401 
2831.501888 87.011333 
2833.430704 86.973333 
2835.359520 86.839679 
2837.288336 86.676827 
2839.217152 86.580858 
2841.145968 86.486425 
2843.074784 86.397060 
2845.003600 86.300690 
2846.932416 86.276408 
2848.861232 86.235062 
2850.790048 86.050040 
2852.718864 85.800791 
2854.647680 85.643513 
2856.576496 85.433032 
2858.505312 85.128272 
2860.434128 84.780704 
2862.362944 84.471980 
2864.291760 84.224183 
2866.220576 83.946699 
2868.149392 83.660927 
2870.078208 83.416490 
2872.007024 83.222203 
2873.935840 83.071013 
2875.864656 82.892818 
2877.793472 82.818267 
2879.722288 82.787862 
2881.651104 82.793772 
2883.579920 82.823187 
2885.508736 82.852630 
2887.437552 82.861228 
2889.366368 82.864818 
2891.295184 82.910398 
2893.224000 82.959133 
2895.152816 82.897285 
2897.081632 82.923835 
2899.010448 83.067428 
2900.939264 83.115313 
2902.868080 83.174353 
2904.796896 83.337139 
2906.725712 83.459174 
2908.654528 83.514805 
2910.583344 83.563394 
2912.512160 83.614538 
2914.440976 83.739920 
2916.369792 83.781749 
2918.298608 83.687184 
2920.227424 83.597236 
2922.156240 83.465462 
2924.085056 83.241268 
2926.013872 83.063203 
2927.942688 82.978489 
2929.871504 82.973551 
2931.800320 82.996863 
2933.729136 83.030307 
2935.657952 83.046406 
2937.586768 82.967789 
2939.515584 82.923728 
2941.444400 82.906836 
2943.373216 82.871363 
2945.302032 82.846956 
2947.230848 82.744115 
2949.159664 82.613508 
2951.088480 82.511658 
2953.017296 82.272643 
2954.946112 81.965682 
2956.874928 81.593270 
2958.803744 81.117080 
2960.732560 80.526759 
2962.661376 79.815192 
2964.590192 79.020736 
2966.519008 78.136637 
2968.447824 77.237394 
2970.376640 76.568882 
2972.305456 76.168887 
2974.234272 76.077330 
2976.163088 76.320810 
2978.091904 76.983427 
2980.020720 77.810241 
2981.949536 78.678735 
2983.878352 79.518956 
2985.807168 80.158548 
2987.735984 80.634737 
2989.664800 81.003515 
2991.593616 81.252118 
2993.522432 81.412135 
2995.451248 81.459332 
2997.380064 81.424396 
2999.308880 81.302864 
3001.237696 81.169826 
3003.166512 81.024901 
3005.095328 80.900211 
3007.024144 80.804462 
3008.952960 80.736721 
3010.881776 80.650187 
3012.810592 80.518655 
3014.739408 80.298945 
3016.668224 80.035814 
3018.597040 79.803160 
3020.525856 79.620154 
3022.454672 79.488066 
3024.383488 79.256548 
3026.312304 78.960198 
3028.241120 78.674754 
3030.169936 78.483108 
3032.098752 78.337521 
3034.027568 78.169620 
3035.956384 77.970247 
3037.885200 77.679974 
3039.814016 77.379594 
3041.742832 77.016601 
3043.671648 76.700763 
3045.600464 76.467483 
3047.529280 76.239992 
3049.458096 76.010615 
3051.386912 75.768287 
3053.315728 75.455980 
3055.244544 75.211951 
3057.173360 75.051876 
3059.102176 74.657510 
3061.030992 74.129399 
3062.959808 73.701181 
3064.888624 73.543907 
3066.817440 73.348354 
3068.746256 73.078418 
3070.675072 72.786635 
3072.603888 72.528282 
3074.532704 72.222702 
3076.461520 71.928727 
3078.390336 71.706539 
3080.319152 71.395439 
3082.247968 71.143202 
3084.176784 70.931438 
3086.105600 70.623472 
3088.034416 70.306888 
3089.963232 69.963736 
3091.892048 69.679266 
3093.820864 69.498534 
3095.749680 69.352175 
3097.678496 69.098621 
3099.607312 68.860574 
3101.536128 68.599606 
3103.464944 68.299214 
3105.393760 68.115932 
3107.322576 68.009644 
3109.251392 67.770371 
3111.180208 67.576093 
3113.109024 67.499658 
3115.037840 67.441409 
3116.966656 67.347673 
3118.895472 67.226581 
3120.824288 67.108066 
3122.753104 67.050303 
3124.681920 66.875166 
3126.610736 66.778895 
3128.539552 66.762576 
3130.468368 66.689864 
3132.397184 66.769194 
3134.326000 66.860659 
3136.254816 66.728787 
3138.183632 66.649369 
3140.112448 66.661125 
3142.041264 66.691840 
3143.970080 66.819204 
3145.898896 67.001120 
3147.827712 67.034898 
3149.756528 67.061695 
3151.685344 67.157063 
3153.614160 67.298047 
3155.542976 67.434555 
3157.471792 67.640032 
3159.400608 67.709397 
3161.329424 67.742566 
3163.258240 67.916308 
3165.187056 68.138689 
3167.115872 68.360235 
3169.044688 68.521206 
3170.973504 68.650248 
3172.902320 68.788229 
3174.831136 68.937933 
3176.759952 69.066352 
3178.688768 69.244631 
3180.617584 69.348280 
3182.546400 69.485073 
3184.475216 69.642207 
3186.404032 69.706712 
3188.332848 69.802655 
3190.261664 69.985929 
3192.190480 70.062027 
3194.119296 70.102346 
3196.048112 70.268581 
3197.976928 70.539717 
3199.905744 70.636464 
3201.834560 70.637707 
3203.763376 70.522811 
3205.692192 70.488360 
3207.621008 70.640307 
3209.549824 70.831250 
3211.478640 70.893551 
3213.407456 70.908864 
3215.336272 70.983870 
3217.265088 70.933202 
3219.193904 70.934141 
3221.122720 70.900572 
3223.051536 70.821059 
3224.980352 70.850874 
3226.909168 70.910342 
3228.837984 70.890367 
3230.766800 70.871597 
3232.695616 70.933648 
3234.624432 70.975857 
3236.553248 70.979085 
3238.482064 70.942440 
3240.410880 70.929489 
3242.339696 70.954048 
3244.268512 71.134210 
3246.197328 71.195391 
3248.126144 71.067671 
3250.054960 71.008074 
3251.983776 71.026472 
3253.912592 71.157473 
3255.841408 71.160766 
3257.770224 71.244315 
3259.699040 71.348291 
3261.627856 71.347515 
3263.556672 71.397392 
3265.485488 71.466909 
3267.414304 71.609326 
3269.343120 71.742966 
3271.271936 71.811470 
3273.200752 71.973531 
3275.129568 72.046777 
3277.058384 72.155836 
3278.987200 72.371575 
3280.916016 72.586333 
3282.844832 72.877902 
3284.773648 73.087160 
3286.702464 73.239683 
3288.631280 73.523338 
3290.560096 73.869401 
3292.488912 74.284297 
3294.417728 74.585810 
3296.346544 75.019129 
3298.275360 75.566936 
3300.204176 75.962834 
3302.132992 76.317522 
3304.061808 76.705661 
3305.990624 77.109319 
3307.919440 77.554670 
3309.848256 78.224113 
3311.777072 78.811551 
3313.705888 79.222908 
3315.634704 79.618264 
3317.563520 80.029050 
3319.492336 80.539708 
3321.421152 81.127632 
3323.349968 81.558866 
3325.278784 81.986717 
3327.207600 82.520501 
3329.136416 82.889498 
3331.065232 83.322974 
3332.994048 83.723586 
3334.922864 84.062235 
3336.851680 84.482802 
3338.780496 84.821569 
3340.709312 85.215947 
3342.638128 85.664903 
3344.566944 85.935313 
3346.495760 86.219975 
3348.424576 86.571575 
3350.353392 86.797183 
3352.282208 86.948896 
3354.211024 87.212792 
3356.139840 87.479032 
3358.068656 87.629267 
3359.997472 87.767138 
3361.926288 87.872445 
3363.855104 88.056805 
3365.783920 88.309232 
3367.712736 88.495621 
3369.641552 88.687916 
3371.570368 88.933275 
3373.499184 88.994761 
3375.428000 88.952233 
3377.356816 89.072853 
3379.285632 89.326873 
3381.214448 89.561095 
3383.143264 89.636100 
3385.072080 89.642881 
3387.000896 89.707194 
3388.929712 89.737254 
3390.858528 89.919428 
3392.787344 90.104521 
3394.716160 90.120659 
3396.644976 90.310542 
3398.573792 90.434289 
3400.502608 90.467704 
3402.431424 90.612445 
3404.360240 90.776084 
3406.289056 90.849456 
3408.217872 90.954230 
3410.146688 90.992801 
3412.075504 91.020645 
3414.004320 91.029658 
3415.933136 91.040319 
3417.861952 91.093613 
3419.790768 91.303286 
3421.719584 91.522414 
3423.648400 91.581852 
3425.577216 91.650374 
3427.506032 91.827694 
3429.434848 91.875543 
3431.363664 91.689628 
3433.292480 91.775729 
3435.221296 91.991496 
3437.150112 92.008471 
3439.078928 91.947587 
3441.007744 92.015497 
3442.936560 92.211854 
3444.865376 92.339745 
3446.794192 92.532928 
3448.723008 92.613374 
3450.651824 92.437800 
3452.580640 92.467919 
3454.509456 92.679188 
3456.438272 92.878096 
3458.367088 92.926793 
3460.295904 93.013454 
3462.224720 93.263440 
3464.153536 93.261651 
3466.082352 93.094153 
3468.011168 93.201039 
3469.939984 93.394285 
3471.868800 93.526211 
3473.797616 93.558337 
3475.726432 93.630397 
3477.655248 93.656888 
3479.584064 93.612222 
3481.512880 93.714363 
3483.441696 93.811570 
3485.370512 93.869906 
3487.299328 94.088282 
3489.228144 94.125729 
3491.156960 94.166678 
3493.085776 94.138350 
3495.014592 94.264098 
3496.943408 94.315644 
3498.872224 94.430583 
3500.801040 94.505419 
3502.729856 94.532994 
3504.658672 94.576897 
3506.587488 94.586437 
3508.516304 94.701326 
3510.445120 94.834322 
3512.373936 94.887171 
3514.302752 94.946627 
3516.231568 94.878405 
3518.160384 94.858523 
3520.089200 94.979297 
3522.018016 95.169225 
3523.946832 95.289785 
3525.875648 95.444547 
3527.804464 95.493357 
3529.733280 95.390667 
3531.662096 95.385627 
3533.590912 95.615280 
3535.519728 95.772215 
3537.448544 95.699486 
3539.377360 95.688760 
3541.306176 95.814017 
3543.234992 95.787992 
3545.163808 95.783671 
3547.092624 95.938236 
3549.021440 96.063608 
3550.950256 96.089033 
3552.879072 96.060536 
3554.807888 96.088109 
3556.736704 96.060659 
3558.665520 96.169384 
3560.594336 96.409349 
3562.523152 96.498840 
3564.451968 96.427862 
3566.380784 96.378820 
3568.309600 96.554946 
3570.238416 96.657597 
3572.167232 96.707548 
3574.096048 96.811455 
3576.024864 96.954073 
3577.953680 96.944305 
3579.882496 96.931911 
3581.811312 97.099791 
3583.740128 97.003156 
3585.668944 96.805388 
3587.597760 96.774108 
3589.526576 96.925086 
3591.455392 97.175445 
3593.384208 97.115669 
3595.313024 97.053353 
3597.241840 97.020614 
3599.170656 96.958870 
3601.099472 97.143305 
3603.028288 97.396567 
3604.957104 97.313765 
3606.885920 97.225600 
3608.814736 97.286557 
3610.743552 97.383862 
3612.672368 97.457513 
3614.601184 97.530130 
3616.530000 97.535958 
3618.458816 97.548184 
3620.387632 97.748383 
3622.316448 97.933455 
3624.245264 98.137693 
3626.174080 97.922202 
3628.102896 97.772373 
3630.031712 97.613603 
3631.960528 97.559416 
3633.889344 97.574522 
3635.818160 97.736739 
3637.746976 97.892417 
3639.675792 97.941322 
3641.604608 98.174279 
3643.533424 98.409211 
3645.462240 98.504616 
3647.391056 98.130116 
3649.319872 97.750696 
3651.248688 98.054172 
3653.177504 97.917980 
3655.106320 97.867601 
3657.035136 97.974427 
3658.963952 97.921432 
3660.892768 98.017043 
3662.821584 98.225654 
3664.750400 98.440800 
3666.679216 98.301226 
3668.608032 98.318759 
3670.536848 98.334749 
3672.465664 97.965197 
3674.394480 97.785595 
3676.323296 97.754500 
3678.252112 97.948011 
3680.180928 98.415303 
3682.109744 98.737105 
3684.038560 98.649386 
3685.967376 98.447688 
3687.896192 98.346326 
3689.825008 98.156964 
3691.753824 98.126739 
3693.682640 98.265526 
3695.611456 98.459644 
3697.540272 98.490889 
3699.469088 98.475021 
3701.397904 98.521418 
3703.326720 98.596632 
3705.255536 98.716814 
3707.184352 98.695968 
3709.113168 98.303137 
3711.041984 98.338694 
3712.970800 98.556298 
3714.899616 98.530640 
3716.828432 98.568437 
3718.757248 98.534773 
3720.686064 98.463989 
3722.614880 98.390211 
3724.543696 98.320685 
3726.472512 98.531680 
3728.401328 98.662360 
3730.330144 98.734840 
3732.258960 98.598300 
3734.187776 98.177873 
3736.116592 98.054027 
3738.045408 98.411278 
3739.974224 98.512798 
3741.903040 98.348393 
3743.831856 98.560527 
3745.760672 98.840912 
3747.689488 98.857285 
3749.618304 98.273696 
3751.547120 97.976605 
3753.475936 98.247725 
3755.404752 98.476594 
3757.333568 98.499619 
3759.262384 98.524771 
3761.191200 98.636824 
3763.120016 98.694020 
3765.048832 98.695285 
3766.977648 98.539727 
3768.906464 98.445694 
3770.835280 98.373197 
3772.764096 98.475336 
3774.692912 98.620804 
3776.621728 98.630774 
3778.550544 98.668782 
3780.479360 98.654109 
3782.408176 98.628125 
3784.336992 98.577102 
3786.265808 98.485472 
3788.194624 98.463863 
3790.123440 98.570543 
3792.052256 98.704502 
3793.981072 98.768219 
3795.909888 98.879888 
3797.838704 98.694077 
3799.767520 98.634446 
3801.696336 98.393868 
3803.625152 98.172969 
3805.553968 98.264586 
3807.482784 98.297455 
3809.411600 98.535659 
3811.340416 98.735392 
3813.269232 98.755224 
3815.198048 98.923385 
3817.126864 98.750732 
3819.055680 98.497689 
3820.984496 98.203005 
3822.913312 98.047995 
3824.842128 98.230609 
3826.770944 98.445474 
3828.699760 98.593151 
3830.628576 98.773304 
3832.557392 98.809795 
3834.486208 98.735847 
3836.415024 98.456775 
3838.343840 98.092162 
3840.272656 98.005395 
3842.201472 98.086254 
3844.130288 98.358928 
3846.059104 98.709086 
3847.987920 98.929532 
3849.916736 98.716518 
3851.845552 98.344083 
3853.774368 98.011098 
3855.703184 98.253226 
3857.632000 98.576501 
3859.560816 98.760940 
3861.489632 98.763650 
3863.418448 98.890649 
3865.347264 98.786685 
3867.276080 98.569829 
3869.204896 98.453841 
3871.133712 98.253698 
3873.062528 98.404989 
3874.991344 98.496782 
3876.920160 98.494925 
3878.848976 98.554538 
3880.777792 98.551718 
3882.706608 98.322312 
3884.635424 98.239220 
3886.564240 98.145688 
3888.493056 98.279155 
3890.421872 98.306188 
3892.350688 98.428871 
3894.279504 98.670054 
3896.208320 98.656966 
3898.137136 98.715746 
3900.065952 98.635423 
3901.994768 98.325502 
3903.923584 98.121744 
3905.852400 98.130863 
3907.781216 98.276781 
3909.710032 98.397859 
3911.638848 98.418395 
3913.567664 98.563408 
3915.496480 98.675125 
3917.425296 98.587533 
3919.354112 98.380269 
3921.282928 98.247792 
3923.211744 98.231082 
3925.140560 98.282263 
3927.069376 98.465853 
3928.998192 98.591133 
3930.927008 98.529399 
3932.855824 98.389368 
3934.784640 98.401322 
3936.713456 98.503171 
3938.642272 98.505890 
3940.571088 98.526674 
3942.499904 98.488476 
3944.428720 98.369790 
3946.357536 98.392664 
3948.286352 98.453323 
3950.215168 98.388860 
3952.143984 98.391284 
3954.072800 98.456203 
3956.001616 98.430965 
3957.930432 98.535058 
3959.859248 98.563104 
3961.788064 98.399788 
3963.716880 98.266665 
3965.645696 98.264513 
3967.574512 98.415562 
3969.503328 98.449774 
3971.432144 98.390224 
3973.360960 98.220806 
3975.289776 98.109427 
3977.218592 98.152416 
3979.147408 98.334506 
3981.076224 98.439875 
3983.005040 98.364611 
3984.933856 98.358337 
3986.862672 98.295417 
3988.791488 98.213976 
3990.720304 98.137077 
3992.649120 98.054617 
3994.577936 98.060888 
3996.506752 98.123713 
3998.435568 98.151553 
4000.364384 98.176748 